36.001622675
176.0713005
716.54502875
608.2385635625001
29.89272594375
1.350616365625
-14.9978137
-17.8102970125
-49.949321743750005
-116.2231254375
-159.2608451875
-179.24125668749997
-340.59253693750003
-683.0573275
-785.13465875
-375.4236602499999
-267.3789215
-286.602726
-231.70396806249997
-202.59323118749995
142.719221125
204.156417875
918.9118193749999
950.33233625
440.1077270625
212.269420625
187.4217605625
198.1951904375
155.22081375000002
106.457119
36.4233064625
94.137535125
103.982954
44.02842045
-253.6577415625
-90.340175625
-40.03393173124999
-76.71109675
-81.271772375
-70.47897337500001
83.57936856250001
98.3918666875
807.7075956249998
687.653121875
27.68046379375
12.337708475
-23.74963760625
-43.024482725000006
-64.9539136875
-88.4993266875
-142.1710014375
-177.36423493749996
-299.3965339375
-662.5884243749999
-745.031661875
-398.7726593125
-257.8842735
-275.76406481249995
-245.969905875
-220.8819389375
139.2220496875
210.11373518750003
909.33807375
951.724395625
452.5793838750001
216.03904725
191.809101125
190.2881431875
177.76245118749998
107.955226875
38.43166113125
87.884292625
86.52926443749999
55.619831087499996
-256.748046875
-107.01210975000001
-18.718901875
-79.266409875
-81.71961781249999
-75.865054125
96.52407643750001
87.0086193125
848.690338125
666.320724375
40.7238149625
0.005988031875
-15.53846955
-46.6877365125
-73.857803375
-97.6978874375
-147.4585914375
-155.368309
-303.162860875
-709.017639375
-737.975921875
-426.39575956249996
-262.15625762499997
-288.5103035
-243.4560394375
-221.79008481249997
131.3878155
205.9388160625
887.945709375
960.5075075
486.937294
225.95333100000002
183.171367625
179.0211868125
161.46821974999997
102.58585931249999
68.5005616875
84.56724168749999
76.39294625
70.888996125
-251.77215575000002
-107.63581275
-23.785564899999997
-77.79083250000001
-98.63564493750002
-78.06817531249999
90.2939986875
99.248476
820.41221625
706.488495
40.9898090375
-18.456846475
-25.579609868749998
-22.15571641875
-61.23298168125
-105.41457175
-146.676836
-177.252121
-339.71893312500004
-686.605300625
-794.8577881250001
-406.783866875
-253.73874662500003
-282.648105625
-230.26872637499997
-223.17449568750004
144.65587618749998
205.44857025
880.6911468750001
971.3497925
428.6185836875
223.742961875
201.4353370625
196.16523743749997
157.4787711875
102.245798125
50.9457016
96.59435275
104.10256387499999
66.2202263125
-250.65553662500002
-95.45821187499999
-21.318180562499997
-70.81367493750001
-93.209705375
-72.7114105
91.01918218750001
91.33040431250001
862.6010131250001
638.3051300000001
39.342944624999994
-7.3060292
-3.54381173875
-16.55611991875
-57.10234165
-125.34274099999999
-154.1867733125
-196.55776975000003
-320.31272887499995
-699.185333125
-752.6684568750001
-404.65347287500003
-245.9892845
-294.24100875
-242.7747345
-230.91291425000003
130.24646756250002
208.85986331249998
893.9437868749999
957.2585293750001
498.22738649999997
229.41930768749998
202.520275125
206.829929375
165.5771065
100.1164245625
51.5118837375
87.6799106875
93.4115600625
83.97237775
-226.04787825
-51.3308239
-32.14706420625
-54.51961040625
-76.519322375
-72.4750375625
72.99284456250001
40.63745975625
229.034500125
199.23898699999998
112.28032112500001
51.78260803125
49.169936181249994
30.867199900000003
-28.611760137500003
-82.27776524999999
-161.1095619375
-205.8468628125
-254.42083356249998
-407.2082138125
-321.23916625
-287.9756355
-254.0538215625
-291.5107726875
-257.090778375
-206.58826825
149.9660015
90.597190875
211.35623931249998
350.8776855625
376.67335512500006
316.53491975000003
301.00008012499995
246.06319424999998
229.34698106249996
135.3228950625
112.88448331250001
112.89661406249999
86.16226193749998
58.7581920625
14.0548563
23.73340606875
4.869372845
0.52111633125
-74.46416856249999
-36.56906605
37.961599825
-38.913538456249995
-19.2824077625
61.57493114375
102.733039875
48.203969
64.3629885
38.6979699125
28.501298424999998
-18.7863469125
-88.534936875
-148.79455568749998
-185.1143265
-206.62113187499997
-219.4018745625
-219.4971275625
-174.562397
-179.63819506250002
-214.267063125
-90.42526243750001
107.4968338125
40.790786743750004
31.12121820625
228.59264374999998
279.185524
244.22643662500002
211.66542056249997
184.80831143749998
196.52530668749995
126.2064361875
94.4254303125
78.0175924375
40.415587425000005
11.9740152375
-7.4927610187500004
18.16248774375
2.2184081375
-37.708525656249996
-91.091671
-17.879947425
38.3361673375
250.890808125
731.8094637500001
595.518417375
45.8437395125
8.657275437500001
-18.042254449999998
-31.6278386125
-71.97882175000001
-116.87471387499998
-136.0899925
-179.56861493749997
-296.72374725000003
-622.7197646875
-832.975235
-397.78335568750003
-247.76111600000002
-290.83791731250005
-251.657981875
-202.52475737500004
138.00931931250003
215.27099612499998
906.5960693750001
961.2647249999999
432.25158693749995
220.3354645
191.32390975000004
189.0029144375
174.276142125
109.6372318125
41.5993309
85.44811250000001
88.616561875
39.30843353125
-253.0227851875
-93.245782875
-47.6628398875
-87.9912853125
-86.3783073125
-66.3387250625
90.03699300000001
103.555755625
776.84043875
695.5947874999999
29.113495349999997
14.7442674625
-20.15571355625
-42.68394946875
-91.562204375
-100.0324344375
-138.0168819375
-180.51662443750004
-299.8608589375
-688.1964875
-771.483154375
-415.727043125
-258.794384
-278.007125875
-237.97918318750004
-209.3886185
138.8314151875
210.9465408125
891.2918856250001
977.7182768749999
466.78379056250003
220.84854124999998
193.43421937499997
179.58076475
150.7543754375
103.06931493750001
36.11287355625
90.11656762499999
81.9739436875
57.42191315
-276.75437925
-122.24298474999999
-60.5142593375
-86.14067075
-105.5330658125
-77.33842375
87.6554870625
123.960132625
810.7049562500001
696.08902
45.257229806249995
-1.778603046875
-9.19950783125
-8.867171999999998
-63.6414289375
-91.005477875
-151.9507121875
-167.76968
-334.66354368749995
-634.1261675
-777.9905699999999
-388.91933443749997
-273.80235675000006
-283.035812375
-257.00183868749997
-217.25154874999998
129.7223568125
213.24325562500002
914.608306875
978.876953125
466.1734771875
225.16260149999997
196.8043899375
183.39591981249998
174.8371315
100.5338478125
58.6715221375
87.1991348125
98.24926375000001
62.16711521249999
-256.3500785625
-111.86715124999999
-34.704110625
-81.98860168750001
-98.013362875
-86.94527624999999
92.352151875
106.64510725
754.230880625
695.576553125
40.97940921875
-7.5592595312499995
-16.327314375
-29.6215319625
-73.033185
-102.01399806250001
-151.058025375
-172.42868425
-313.1274223125
-704.6928406249999
-744.6224975000001
-401.9428634375
-245.36464693750003
-278.48476412499997
-241.7074585
-222.6690483125
136.9064140625
198.1053543125
912.2600556250001
986.202850625
464.04426575
221.89990999999998
194.14743425
187.21801756250002
156.09128
95.4895686875
46.14078045
82.9186344375
73.705577875
32.31141805625
-256.70392987500003
-100.3891945
-33.326864243749995
-82.8158950625
-90.340175625
-85.0636100625
91.12003325
99.46940425000001
751.0626218749999
688.5100556250001
22.18786239375
0.24755783375
-10.69336414375
-18.64956736875
-71.037755
-107.0560836875
-147.0075130625
-158.9863395625
-300.21013262499997
-636.330795
-718.6760712500001
-411.25202181249995
-246.36802675
-281.29661562499996
-242.71533968749998
-227.40085600000003
125.6686115
196.11261368749996
913.4454343749999
966.511993125
482.854385375
215.62524793749998
202.60646818750004
193.8031196875
156.539440125
87.79872893750002
58.4888887375
76.9211530625
101.34333612500001
61.3385582
-249.8179245
-85.2818584375
-21.7779994
-71.3503933125
-83.0577850625
-69.92539881249999
73.5229444375
72.60472775
172.79253006250002
174.88031387499998
74.5344495625
77.219133375
77.374668125
12.106539012499999
-41.07191085625
-81.846618625
-146.6358661875
-178.77851487499998
-224.8143386875
-372.139320375
-277.8911590625
-316.00608825
-314.724006625
-306.06105806249997
-302.1105385
-224.606494875
133.422803875
84.66446875000001
229.780159
332.8742218125
376.800346375
337.6238250625
290.61729431249995
216.3586235
232.7965545625
155.3479766875
134.59219931250001
121.0395526875
88.97143362500002
67.69091606250001
19.348748925000002
16.46094203125
7.5858908875
-30.80952644375
-87.8458404375
-52.80183315000001
27.5707888625
16.470553874999997
-23.663282393750002
77.42856025
86.82109831250001
60.037264825
47.954521181249994
60.40584564375
43.3347559
-12.2674286375
-80.08220675000001
-160.54227831250003
-189.03041837499998
-188.33164212499997
-240.37622449999998
-231.11486437500002
-203.55463025
-296.0454559375
-224.99406812499998
-153.8784694375
142.0529746875
0.5768995731250001
45.36674499375
197.19692231249996
255.12214662500003
248.53986737500003
215.274314875
202.703228
195.994892125
124.95682718750001
91.34695050000002
82.25349425000002
62.6378059375
21.95953130625
8.01545321875
13.4558951875
-41.0024166125
-42.071123125
-107.23981856249999
-39.4743657125
49.492816925
205.63074112500001
648.4384156250001
619.2111587499999
35.003983975000004
-7.0168703812499995
-28.332843781250002
-27.7981758125
-61.2830925
-116.7563724375
-147.99215318749998
-166.73273087500002
-332.82936093750004
-632.79193875
-772.01644875
-380.72589875
-272.2568130625
-280.4534911875
-231.4377403125
-213.963317875
152.33331681250002
212.616577125
952.389984375
949.964675625
415.91640474999997
223.64227293750002
188.63513943750002
176.7681121875
158.186931625
104.168434125
42.99879550625
83.66808893749999
78.76199725000001
34.5556712125
-250.408306125
-123.2012271875
-36.13761425
-83.6263275
-92.89753912500001
-68.88237475
96.61720275
109.2142963125
785.637130625
703.29620375
29.634139537499998
4.950841665
-9.509939549999999
-25.787143706250003
-66.0867548125
-93.789749125
-146.4760780625
-177.69956587499996
-309.1173171875
-674.977721875
-755.45585625
-392.1652603125
-261.41452787500003
-302.28490831249997
-250.50733568750002
-220.315361
136.767120375
202.05415725
937.85827625
955.940399375
452.9996490625
223.97617337499997
192.844715125
194.534130125
173.63557812500002
102.37217906250001
42.68694400625
96.911726
100.1428985625
73.381595625
-251.2612724375
-90.596084625
-65.40411950000001
-86.29698756250001
-99.35531618750002
-78.9397478125
91.92400931249999
114.64921949999999
810.830535625
685.0653075
58.81255626875
-6.324779393749999
-17.7541983125
-21.757197381250002
-47.4874544125
-90.7350730625
-136.4209175
-174.0112495625
-301.5016555625
-680.5700681249999
-815.77652
-391.8206405625
-243.71786118749998
-294.52867506250004
-246.5940856875
-225.78132631250003
125.1008510625
194.266243
901.121368125
978.7579343749999
473.91159056249995
234.05340193750004
192.73818968749998
186.03775025
176.93073275
102.21900937499998
52.4754858
106.6709518125
114.821291
64.38237187499999
-276.033535
-101.86256406249998
-45.42126655625
-83.9884471875
-89.38035962499998
-74.4859123125
90.27382850000001
76.6943931875
810.8306887499999
644.25125125
39.094126225000004
3.0132406950000004
-13.16326975625
-47.73753643124999
-71.7218065
-108.98847581250001
-144.233636875
-176.7009925625
-346.800727875
-626.853141875
-753.46176125
-401.405830375
-269.1458701875
-271.30298612499996
-247.18082425000003
-231.05096818750002
138.6446761875
213.05212018749998
937.9271700000002
964.6304318750001
447.1674728125
216.56631468749998
193.2038498125
193.77365112500001
165.23012162499998
100.95175743749999
43.44285488125
83.41611862500001
100.89990618750001
45.21736145
-235.1387405625
-97.74972918749998
-7.774198650000001
-79.9657488125
-88.70039937499999
-82.34741212499999
87.4060345
89.1452503125
796.203536875
705.310898125
32.67621516875
3.3734679225
-9.09802615625
-15.26333570625
-58.40426921875
-99.63202475
-146.16533281250003
-202.3460006875
-363.4955978125
-777.240371875
-806.37802125
-348.19126131250005
-276.84230806249997
-260.8557510625
-238.2143020625
-214.43307875
124.70564843749999
208.84332656249998
924.670715625
968.1158449999999
488.39538575
212.58190156249998
194.0798378125
194.72969056249997
152.3541164375
102.2863006875
72.4488783125
85.899572375
65.68287849999999
3.1024307012500003
-263.4137535
-98.652668
-12.46708154375
-73.0172681875
-83.49853518750001
-65.0089073125
89.90541456250001
80.5547809375
259.5947265625
171.28213881250002
58.28560829375
36.97452068125
49.665994643750004
-3.6014857887500002
-20.75372934375
-100.345697375
-135.41366574999998
-157.9713630625
-183.99518968750002
-264.1061591875
-155.2858925
-165.17181393750002
-199.975051875
-351.9135665625
-269.990100875
-222.9181861875
77.31573106249999
52.08405495
175.848636625
331.558570875
291.46869662500006
250.44958112499998
239.58698275
200.83606718750002
209.39958574999997
151.1278343125
132.2773551875
111.6938114375
100.67457199999998
84.85387800000001
57.75945186875
58.412146568749996
-27.7854132625
-71.2988615
-104.2469024375
-54.0928840625
38.90865325625
-6.78002775
5.352197289374999
64.63260650000001
42.08120823125
-9.4757449625
19.04446244375
30.180625912500002
4.758279025625
-26.5071249
-89.8647594375
-141.7047214375
-164.6466064375
-136.68533325
-149.8891830625
-94.307870875
-120.4541396875
-116.708469375
-92.36302375
-50.57822704375
107.94640543749999
19.614270925
88.601436625
158.50414275
107.48359681250001
135.4216956875
134.465351125
130.314540875
131.5082073125
91.86538693749998
82.61687281250002
66.2771081875
40.24634838125
8.38844478125
12.00600385625
10.881671906249998
2.05231905
-18.148463962500003
-55.69310665
-42.75801181875
55.793643
165.78369143749998
591.2372970624999
674.013671875
50.39606094375
5.5277413131249995
-23.834257124999997
-23.698737618750002
-75.7698726875
-115.5664920625
-136.819429375
-156.9909095625
-341.60617831249994
-590.659751875
-788.2397462499999
-401.0726165625
-264.5703888125
-279.086475375
-223.3219909375
-197.19194412500002
145.64201356249998
199.5833015625
837.067108125
935.91362
453.131523125
204.79934693750005
173.83161543749998
180.61857225000006
152.2294711875
106.8862056875
49.32073593125
81.2903690625
92.646350875
69.5063925
-251.00008012499998
-134.1315936875
-57.7479457875
-94.0893078125
-95.26154518750002
-70.57320593749999
99.5376300625
96.4878368125
629.60796375
647.3763275
56.411356925
3.46123993375
-26.7893505125
-51.888027193750005
-83.4230518125
-119.5523166875
-163.2392501875
-182.6747513125
-321.32675168749995
-633.328285
-815.8118437500001
-432.3555755625
-246.92846300000002
-282.6333618125
-238.348960875
-216.86437606249999
138.83424756250002
190.75740812499998
792.9674531249999
959.986725
528.8889694375
227.0051765625
176.69027331249998
175.975952125
160.07694243749998
98.43000412499998
34.99169349375
82.8934288125
110.90212825
116.3707733125
-226.83498381250004
-133.67634775000002
-32.6562047
-77.89247512499999
-95.56614875
-69.014902125
105.05087849999998
83.017129875
668.302154375
636.0911181250001
62.982273125
-14.02869820625
-12.94675469375
-16.9160318375
-91.03226662499999
-100.43236731249999
-160.29031756249998
-187.7111625625
-359.54933168750006
-638.705444375
-750.196075625
-427.66712187499996
-256.41807556249995
-274.08773425
-240.6760215625
-215.99893568750002
133.33313943750002
186.624565125
806.6888425000001
945.3524781250001
477.30819700000006
217.95017243749996
190.32155987500002
184.0449905625
160.1623535
102.5171470625
47.01897144375
78.5021495625
93.823156375
85.810546875
-238.0123710625
-107.6153278125
-39.77928161875
-81.678485875
-93.32111356249999
-77.19045637500001
100.6520366875
84.00436400000001
652.3837281250001
623.3800888124999
68.93690106250001
4.862439334375
-20.48742055625
-20.82117319375
-61.38220786875
-120.685310375
-145.21953581250003
-186.310119625
-360.3328705
-659.684448125
-801.235504375
-480.7082366875
-260.68864824999997
-301.87770843749996
-231.63763043749998
-232.72996899999998
117.95619012499999
173.15385818750002
732.6369475
981.0559843750001
535.1877212499999
233.45680237500002
201.63042068750002
203.469848625
171.5200805625
120.95051762499999
63.8521146875
113.498725875
100.48815724999999
88.90824318749999
-215.93118668749997
-83.86033056250001
-12.8312492375
-58.710289
-77.75332925
-74.63104725
91.49333956250001
58.88472556875
165.68489075
133.41807362500003
76.6567325625
83.0774784375
37.5898695
1.138198748125
-55.4523229625
-111.27323150000001
-190.35165787500003
-208.9095115625
-265.244197875
-417.213096625
-269.92612837499996
-247.9568290625
-236.61226275
-245.3652000625
-198.89617918750002
-156.83380125
146.493883125
84.82267381249999
225.31702043750002
299.7345543125
359.49069975
323.885231
275.0714301875
214.153595
192.9082298125
136.85441968749998
105.53385737500001
103.55591775
54.81066226875
23.500344756249998
7.8678011875
3.4711673856250003
-8.92200946875
-11.60449028125
-79.8951530625
-10.00600099375
12.026331425
-32.6174378375
-65.4959869375
61.1113309875
48.13920498125
49.69782829375
74.20069693749998
18.3998036375
28.42818021875
-9.73858833125
-104.85453606249999
-105.792760875
-179.39708712499998
-126.231966
-158.2096290625
-117.05026625
-119.66671943749999
-137.39837643750002
-108.6755275625
-54.082169531249995
125.65080643750001
-7.848891618750001
44.35823440625
189.10943987500002
244.638671875
217.75398256250003
164.68772887499998
152.77564999999998
161.33790968750003
129.677600875
115.88464737500001
71.73425675
57.89181709375
17.29422330625
21.050138475
30.0643324875
3.6793303487499998
-38.0763173125
-88.30313681250001
-45.533938406249995
58.91530036875
196.3080025
698.4072874999999
532.869758625
76.93060874999999
-3.975580334375
-18.472604750000002
-19.058486225
-76.7952441875
-110.859270125
-162.85894393750002
-202.6448440625
-324.271469125
-636.8088149999999
-867.0014193750001
-428.108482375
-253.583145125
-292.2602271875
-206.70251843749998
-204.96204375000002
139.89570618750002
192.9176711875
799.5744325
957.6393125
465.2947998125
218.0549621875
191.178779625
190.94760893750004
154.5539379375
114.443101875
44.911971093750005
98.97349356249998
110.77433587499999
76.48181912499999
-253.6577415625
-106.7139720625
-54.036154749999994
-74.82266425
-92.12917325
-63.4368944375
92.3590850625
94.73365781249998
643.655548125
630.571899375
62.7492141875
-9.748830793749999
-23.06621313125
-30.52099705
-76.2801170625
-105.57656287500001
-147.52004625
-185.6979179375
-315.72582243749997
-656.03721625
-773.2227325000001
-408.091774
-243.2482719375
-291.8799781875
-229.03764725000002
-220.17543793749996
136.7185783125
178.9586258125
807.6933287500001
963.18985
489.0193939375
228.4599495
194.55194475000002
191.6168594375
158.59885218749997
111.72374724999999
50.255026818750004
107.0521354375
118.9305019375
91.71631812500002
-235.98337175
-90.41013718750001
-36.20301008125
-77.7730274375
-86.7122173125
-64.932642
90.3620815
80.431079875
663.9319612500001
616.580696125
61.7117071125
-2.2650517525
-14.05580163125
-24.958589075000003
-87.315588
-115.4339695
-160.5035209375
-199.6820259375
-346.7276001250001
-671.0474393749998
-804.6508025
-439.91043093749994
-259.61143493749995
-279.20663831250005
-226.08348843750002
-224.73516462499998
134.236698125
189.343299875
814.135436875
959.4615175
493.94611356250005
235.694294
193.1129265
182.99598693750002
151.9154166875
106.9246578125
40.86343288125
87.0240688125
90.7516098125
74.98780725
-252.889938375
-132.9372978125
-53.23454856875
-73.98370743750002
-101.6206836875
-81.1799049375
92.62996675
90.08914949999999
680.6994631250001
654.7085568750001
70.636711125
-16.9973433
-9.62213635625
-11.195098162499999
-66.492838875
-110.5401706875
-146.7916298125
-177.03702925000002
-327.6963043125
-600.3569030625
-736.0965731250001
-416.01005556249993
-236.69649125
-274.7476005625
-231.3226318125
-218.53164675000002
141.585121125
179.289703375
812.2690581249999
956.6754912499999
472.85816193750003
215.59782031249998
188.53775025
187.06375125
159.427404375
107.03338624999999
37.27187395
66.71076775
87.225132
63.060593625
-263.6560249375
-103.53905675
-42.59223938125
-83.3997249375
-94.63170050000001
-85.50940512499999
84.9994755
84.0620326875
631.624831875
620.5941009375
70.6031465625
-7.115042212500001
-14.017037156250002
-14.98993396875
-40.6073665625
-107.24454881249999
-144.8655319375
-167.171897875
-295.4434966875
-585.1996993749999
-793.9770506250001
-396.03343962499997
-254.51231
-280.1482581875
-204.7325325
-225.83356856249998
121.8799209375
167.67576218749997
768.896179375
955.1118468750001
507.171630875
222.870121
192.37859725000004
182.00119018750001
166.31458281250002
96.4793205
32.725381850000005
85.5896186875
89.0930843125
65.913887
-242.09060668749999
-108.6788368125
-44.471535681249996
-49.375576975
-80.48134806250002
-75.21614075000001
82.52121924999999
63.7969636875
176.8179130625
139.647359875
76.2470245625
65.50575731250001
9.468023774999999
1.87961161125
-95.06599425000002
-147.7537345625
-197.0380783125
-217.44937893750003
-246.7451095625
-371.4367294375
-298.27276231249994
-272.81503675000005
-214.3904495
-195.95006943750002
-209.63224412500006
-153.4785270625
148.098363875
105.83657262499999
225.38951874999998
335.9156418124999
364.7144699374999
344.95395662500005
309.071617125
198.2465553125
170.29504774999998
136.56950949999998
110.18971443749999
103.73965262499999
81.36332512500002
40.3836011875
19.660441875
15.8878243
9.84763324375
9.30745005625
-67.641749375
-31.535182000000002
12.6289165
-51.24541759375
-26.0643267625
-4.12118405125
117.3353195
41.2996101375
44.94695186875
54.416079518749996
32.47167825625
-11.66169166875
-78.7233925
-95.30866625
-169.869194
-228.80315781250002
-164.27141187499998
-164.37997818750003
-166.38273237500002
-142.348194125
-140.98718643750001
-54.0479755375
108.861312875
28.39508771875
20.18880605625
180.41324612500003
269.78288649999996
207.4374008125
175.03425600000003
198.4942626875
158.2537460625
129.08415793749998
124.902935
97.394075375
41.731696131250004
31.79818153125
26.5684247
10.67429661875
28.13634156875
-15.606701374999998
-52.15859413125
-55.60123920625
57.042622568750005
122.83801081250002
640.940628125
528.0528259375
61.403012275
-19.0507650375
-19.705666306250002
-45.036301612500004
-72.87796974999999
-119.0584564375
-152.34758374999998
-195.8749008125
-384.34497831249996
-674.778595
-883.0405424999999
-431.82186125
-239.4054413125
-295.7997894375
-222.62477875
-198.4991455
139.66501237500003
199.35497281250002
806.0106656250001
965.90248125
456.2078094375
210.57308199999997
190.12788775
186.71785356249998
152.6817321875
125.16908643750001
49.28906440625
102.6098060625
101.96435931250001
69.844718
-268.213081375
-100.314188
-43.846731187500005
-84.0759086875
-89.87515449999998
-71.040906875
91.47506712500001
88.37436675
725.274658125
600.9216690000001
68.72416493749999
-1.707849651875
-13.504744768750001
-41.00084305
-86.11530306250002
-114.11628725
-153.6246871875
-192.2090339375
-311.3541603125
-679.12735
-775.925369375
-422.3156356875
-246.9609260625
-274.16376112500006
-222.69174575
-214.9604034375
143.1007194375
195.18035887500002
805.00625625
972.865905625
462.8329467499999
227.66670225
193.88931275
187.66506193750004
163.10169218750002
114.72990037499999
38.314421175
86.45346643750001
101.001386625
75.3462981875
-254.3341636875
-112.690343875
-38.0536270125
-71.7763280625
-94.26280974999999
-75.288782125
88.72151375
84.012241375
669.9796293750001
596.269111625
80.15216824999999
-9.1856408125
-24.2349815375
-27.82764435
-92.5289535625
-120.2625274375
-173.8308334375
-188.89238356250002
-368.4117508124999
-704.38179
-864.4310762500002
-447.17288968750006
-252.09314343749998
-276.3090515
-228.874073
-214.65715406249998
123.1870460625
191.3113021875
745.0521850000001
979.9156949999999
512.911644
224.5732498125
194.46731568750005
184.79995725000003
157.1097183125
120.26000025
51.925530431249996
111.07467650000001
126.76852224999999
72.8333759375
-267.8555298125
-122.4823475
-8.09944331875
-67.12378500000001
-84.68952181250002
-81.434707625
85.45630456250001
72.5744724375
613.850288375
584.9158096250001
61.145367625000006
-22.12230920625
-18.1260871875
-43.54181289375
-116.49510381249999
-132.08400724999998
-148.09599875
-174.1020965625
-332.54661562499996
-710.0645443750001
-747.763290625
-411.8851089375
-261.40697481250004
-279.668026
-223.62508774999998
-232.44695662500004
143.9540195625
167.30937956250003
800.721054375
946.6889193750001
475.3441238125001
222.998561875
187.96352387499996
202.492694875
170.3539848125
115.6107711875
52.356195449999994
102.534008
139.01452062500002
27.052824500000003
-248.82604600000002
-100.70513724999999
-15.07502794375
-67.690444
-75.99285125
-76.73851487499999
80.3256606875
59.069094656249995
752.118683125
584.78488925
86.61971093749999
-11.721099612500002
-8.7924790375
-20.460946562500002
-52.80797958125
-91.8633365625
-138.50647925
-179.41585543749997
-269.19008256250004
-667.40646375
-766.9635012499999
-434.290809625
-258.696365375
-268.6777115
-239.840278625
-234.6647453125
109.342718125
183.99267193750003
778.90174875
931.734771875
490.74329374999996
239.98062131250003
205.6851005625
203.01696775
173.48636624999997
111.3662051875
50.385661125
102.69647599999999
121.96533206250001
94.8735905
-217.07740781249998
-78.46401693749999
18.27247858125
-58.05065631875
-68.96935937500001
-73.0150651875
77.9093360625
46.847524643750006
221.28976824999998
89.73018643750001
83.235693
36.96758746875
35.2912521375
15.56651830625
-46.9526290875
-94.96309281250001
-191.5214348125
-210.8954048125
-272.04889299999996
-466.7988205
-263.1104088125
-240.6216430625
-222.5918388125
-245.526466375
-214.39193725
-140.37056925
159.0799426875
113.853597625
171.851615875
270.891456625
361.35440825
343.08017731250004
300.127868625
235.58918
212.3351288125
120.77340124999999
121.0855675
138.8002109375
58.83603573125
26.536750793750002
24.015316962500002
23.9080047625
10.5600512
-12.096296550000002
-73.434228875
-43.75517845
34.5922279375
38.2359457
-68.19044587500001
15.4778015625
87.25208281249999
45.81821441875
65.3724431875
27.036750318750002
21.8222785
-22.538006306249997
-51.442551612500004
-84.0579414375
-178.94201281250002
-187.89474487500001
-149.153595
-160.55606843750002
-124.8991489375
-110.23414612500002
-137.20030787500002
-31.273913381249997
107.088384625
23.40044021875
14.42784666875
170.92536925000002
232.6435470625
217.20813750000002
171.22838975000002
190.35528181249998
161.42488481249998
145.07787706250002
144.50018881249997
68.4567546875
42.5980711
14.48394536875
12.71054268125
14.876633881250001
27.825911043749997
-23.14421415625
-83.26279637500001
-54.5237064375
23.6873936625
142.6489353125
653.685684375
594.9564743125
66.610550875
-0.664356350625
-26.07362270625
-32.76824235625
-68.744969375
-121.24314306250001
-150.3992653125
-187.979126
-338.96759031249996
-652.577361875
-839.8005675
-407.87563325
-271.1741638125
-274.504680625
-213.96963118749997
-206.16067887499997
141.83535575
203.29729081250002
840.502014375
942.717743125
464.994773875
224.64542387499995
195.03839493749996
190.3489685
153.47105025
115.7685089375
41.40550613125
95.3617668125
110.609979625
87.38508224999998
-242.05215456250002
-144.7604275
-48.176708218749994
-72.561864875
-98.0215549375
-72.4290275625
105.4516029375
98.5254955
541.770172125
635.90454125
77.990489
-21.061325075
-9.6401006
-32.940478325
-90.82236287499998
-114.8373699375
-161.91055300000002
-199.3906593125
-322.96108243749995
-676.740875
-745.5358124999999
-413.68175506250003
-262.1434974375
-263.48884581249996
-235.58933256250003
-200.10843275
143.4381008125
186.05979918749998
787.7902987499999
955.65155
474.4121933125
213.24987412500002
186.94114687500002
179.79349137499997
154.4069099375
105.79102518750003
32.7600479125
69.5516205
102.759189625
79.66508862500001
-254.23055649999998
-122.86622050000003
-34.41069603125
-84.2662620625
-101.0144710625
-66.9197225625
92.20970156250002
79.76073743750001
682.251281875
649.94743375
70.985751125
-4.591086805
-25.66265583125
-20.965831281249997
-69.13103581249999
-100.8472824375
-154.3925761875
-168.96602631250002
-302.011108375
-607.0034789999999
-802.83172625
-374.3918228125
-252.76884081250003
-264.125309
-214.661636375
-217.82268525
147.67273899999998
195.18903731249998
806.6219331249999
956.476974375
480.8438110625001
215.07890700000002
186.25551225000004
176.4285278125
146.6599750625
101.49619099999998
30.465843675
57.99424648125
92.6866913125
27.807002068750002
-256.7562485
-153.60466956250002
-46.970276831250004
-80.27019500000002
-104.59011075
-72.44935512500001
92.125234625
90.18968581250002
591.9390106249999
646.79222125
80.45015337500001
-13.27688455625
2.275609671875
-18.4863150125
-69.3946695625
-105.8294773125
-135.91980931249998
-177.57814406250003
-276.986961375
-570.983085625
-762.4500275
-392.36248018749995
-219.4188880625
-275.7995986875
-225.86706162500002
-215.47569274999998
136.4733886875
168.48005293749998
761.6513062500001
961.2787631250001
474.15458681249993
203.571014375
190.31713487500002
184.88929749999997
159.825296375
107.90102006250001
24.35411215
55.447125437500006
100.56773187499999
61.30830288125
-267.315101625
-98.89643668749999
-34.90439415
-88.75240324999999
-93.6298084375
-71.66775706249999
96.71317099999999
62.8516435625
542.1826935
594.4223022500001
80.3940486875
3.732592165625
-5.9714859725
-14.303832056250002
-68.0823469375
-105.60745237500001
-141.29375456250003
-176.2089348125
-319.9965476875
-575.9975051874999
-761.4300537500001
-406.4514541875001
-252.497406
-279.16740418750004
-206.6405105625
-219.7990608125
126.90261843750001
168.141098
768.7770843750001
956.2787631250001
486.10858918750006
215.9663963125
189.18571475
181.4939308125
146.1450004375
97.40053175000001
32.69055605
78.62963199999999
84.85702512499998
40.045275687499995
-247.518196125
-117.62999537500001
-54.2643308625
-71.2772750625
-79.0168046875
-82.8368568125
100.14147756249999
53.55585098125
243.0819320625
132.63017656250003
115.8545494375
52.524175643750006
22.065107825000002
29.49657201875
-53.703346249999996
-108.651104
-180.93963625
-232.585945125
-248.83855818750004
-383.3313370000001
-300.21469118749997
-264.8520660625
-204.4999504375
-217.5318718125
-206.59687043749997
-149.2309665625
141.41161918749998
101.20750425
217.62161256250005
296.278038
348.59088899999995
309.96068956249997
276.82275775
207.61592862499998
193.71833800000002
138.2218933125
92.8505801875
97.96498300000002
73.95471093750001
9.8696947125
4.84305709625
12.907675506250001
-11.228977443749999
-39.15747165625
-72.60441306250002
-44.679226875
19.49781894375
32.780692574999996
-30.88957548125
30.794241431249997
108.21129800000001
51.85635566875
34.4095945375
57.92160034375
18.547770975
-58.96698475
-185.74102399999998
-181.98249818750003
-174.28174975000002
-189.11779406250002
-214.98941418750002
-124.9743175625
-130.39285662499998
-125.6883144375
-168.4211921875
-48.18931579375
121.1156654375
33.51485490625
26.074569224999998
197.19770431249998
251.809177375
190.38978575
181.70446393749998
228.20278168749996
172.37920762499996
102.8212833125
75.4518795
83.60158918750001
71.26719
22.0662117
28.19701195
43.53693008125
22.79848575625
-42.22681045625001
-88.39233399999999
-65.49835206249999
41.651329993750004
304.0481376875
634.2449187499999
542.86849975
89.8946953125
-11.80477380625
-23.367505075
-33.4015560125
-54.83839511875
-114.067592625
-157.7810096875
-188.86857987500002
-307.4305915625
-574.724655125
-853.531875625
-428.9154434375
-263.035945875
-271.7919540625
-214.481124875
-195.44731137499997
138.22693825
193.56296537500003
830.013809375
945.5184174999999
457.6104355
210.97742081250001
184.89103318750006
179.26385881250002
146.68014525
117.436962125
26.32685423125
61.151199343749994
96.31654737500001
72.399716375
-275.32457350000004
-177.30813981249997
-55.687117575
-92.05858231249998
-97.971763625
-71.9080686875
87.1669864375
91.31023406250002
538.8051223749999
646.756744375
56.067671775
-8.7083315875
-21.738288400000002
-25.65004825625
-87.0075225625
-98.79055025
-147.26445199999998
-180.9023856875
-315.11852262499997
-628.0487824999999
-776.82106
-452.914543125
-284.65929031249993
-313.6668014375
-268.4332275625
-227.6002693125
129.1254425
171.25204087499998
827.581100625
973.4146118749999
484.4662856875
230.08428574999996
192.535858125
200.52799225
179.50685500000003
122.4787235
57.23754406249999
95.37626268750002
120.07689475
77.8072214375
-233.06751250000002
-134.623556125
-46.042919156249994
-90.80771443749998
-91.90698624999999
-79.1037893125
82.4060345
70.0092315625
711.5844725000001
625.66516875
80.1185989375
2.5575199725
-17.350952624999998
-23.39492559375
-52.414031031250005
-88.67235181249998
-143.646574
-176.40615462499997
-296.44956587499996
-650.65956125
-832.7184293749999
-446.6474533125
-243.04805756250002
-257.2237015
-232.56332399999997
-215.92834475
116.158676125
199.220085125
778.318405
948.6532593750001
503.043212875
231.6386604375
187.0409011875
192.3935699375
155.60767175
111.1460590625
33.63792658125
92.376737625
119.23368456250002
79.9701643125
-271.38633725000005
-150.27005193749997
1.17192082125
-81.75223349999999
-91.63090706250001
-81.84567450000002
90.22277831250001
77.4729966875
681.41922
646.3838956249999
67.4238205
3.4587186575
-5.32682716875
-31.593012812500003
-78.48497393749999
-99.65881349999998
-150.3027439375
-169.9100875625
-354.351081875
-689.5473481250001
-737.568816875
-436.9031143125
-271.96151731249995
-279.24736025
-226.3453865
-225.31316756250004
136.65113449999998
186.03176118749997
811.463851875
949.385223125
488.07704924999996
225.837669375
194.06044006250002
184.3555831875
157.7543830625
103.77731324999999
65.1121235
89.3411159375
97.281560875
58.54356765625
-256.55200956249996
-146.4863205
-53.240852356249995
-79.75254537500001
-96.8472766875
-80.49380299999999
86.6784954375
84.19676781249998
573.7680053750001
679.1101075
55.829257962499995
1.1643569918749999
-10.22724270625
-19.96803760625
-77.71062849999998
-96.372480375
-150.7275009375
-197.53507612500002
-327.8948593125
-706.8414306249999
-802.9096225000001
-440.8477020000001
-282.06157681249994
-300.5408859375
-243.69808199999997
-221.818676
123.150177
181.63984299999998
816.1634825
975.81565875
520.2993011249999
226.280632
194.6362495625
185.410575875
177.6308631875
118.04001806250001
74.146170625
104.4481373125
111.24644281249999
101.45569800000001
-213.35798262499998
-93.3264636875
-21.597254275
-61.47723198125
-64.3414020625
-72.82202718750001
82.50247
30.55802821875
178.7558174375
116.47241593749999
92.0396709375
61.35132312500001
-7.832503318750001
-5.542711019375001
-44.27991866875
-118.07106018750002
-148.909664125
-198.6496353125
-272.39776612500003
-424.503707875
-265.911388375
-265.5127906875
-248.82493975000003
-210.30605318750003
-199.27358625
-152.4738025625
153.344354625
104.31859968750001
215.397529625
296.21280668749995
369.823989875
293.5530090625
262.97575
249.65948106249996
179.42474362500002
148.9593791875
108.63533974999999
117.279224375
46.6997146625
6.34715616875
5.83376109625
-5.1990294456249995
-2.474160194375
-27.74538755625
-89.9481105625
-62.967619875
23.98600578125
43.957352637499994
-10.92926144375
21.8352007875
117.61865618750001
41.74619198125
62.552714375
21.496560575
38.54086399375
-29.267449381250003
-94.87988475
-103.197898875
-151.87854768750003
-183.89734268750001
-173.39733124999998
-150.78494074999998
-147.664785375
-192.48512268750002
-158.7717914375
-87.0308399375
104.927492125
0.143240019375
16.6339635875
186.62818906249998
240.8348465
224.3408203125
163.07285306250003
179.65291975
169.85019681249997
114.14575574999999
108.72217181250001
68.6176443125
56.2438488
20.723474025
22.27406025
17.06179380625
-16.677298543750002
-54.905209543750004
-96.0458183125
-63.65908143749999
89.25807
197.44352343749998
707.98172
542.4539184375
56.92742824375
-7.242051362500001
-14.832354781249999
-35.034396650000005
-53.044347762499996
-113.90669824999998
-157.44623181250003
-199.0635299375
-304.9282265
-626.722831875
-823.26820375
-383.06354524999995
-249.35928343749998
-286.876201625
-223.39487075
-196.526641875
147.0236683125
209.9856185625
888.13591
952.542190625
442.70069125
214.30692675000003
188.20903775
185.35699843749998
151.2808418125
107.41898537499999
31.5526723875
78.1371975
84.66824531249999
44.934034350000005
-259.25247193750005
-125.2288055625
-67.27364537499999
-95.88839531250001
-96.0306930625
-62.05948829375
93.99429318749998
100.86098668749999
575.045967125
665.2284243749999
54.418444631250004
3.081630170625
-17.23623395
-44.07821655
-65.5156850625
-90.14714243750001
-150.2678394375
-170.69128037500002
-291.57869337499994
-628.243179375
-755.749816875
-402.22930906249996
-234.51589581250002
-282.56513593750003
-241.3751220625
-207.727661125
146.17951393750002
193.994731875
878.258590625
965.84838875
481.86416625
212.45126725000003
174.43136212499996
174.80152131250003
157.95718193749997
93.32631112500002
35.611140725
72.695179
107.25257875
57.93688774375
-252.47100831249998
-107.900390625
-48.65606785
-96.66526793749998
-106.0214138125
-79.04973981250001
98.921337125
108.4078025625
513.5621261874999
692.071685625
45.45215606875
9.3132799875
-8.8269889375
-25.602459906249997
-64.44965837500001
-107.6983738125
-142.095127125
-182.88087843750003
-325.14293668749997
-632.432594375
-767.6870725000001
-379.0691757500001
-252.9145240625
-276.405735
-233.70996475
-215.20906449999998
149.5797729375
173.81790162500005
848.2183837499999
952.881316875
479.928588875
218.4999656875
192.041854875
191.1937523125
167.904872875
111.26535418749998
48.3751010875
86.47174837500002
100.4008579375
40.72302818125
-268.9631653125
-106.99131012499998
-34.413847925
-79.75112912499999
-103.6876583125
-75.37308693749999
83.5445499375
94.0399933125
474.01306150000005
699.165268125
31.89351796875
12.44817256875
-7.2165238875
-33.76997709375
-67.36882212500001
-113.699646
-135.66310881249998
-164.09633637499996
-297.632274625
-644.5437625
-701.470031875
-402.7264785625
-244.22344206250003
-288.30402375
-247.70549775
-220.12832643750002
147.354269
174.02685162500003
842.9463956249999
941.38237
487.58510587499995
221.18118287500005
187.7775764375
187.64238356250002
164.14991381249996
107.7632999375
49.92300987499999
82.5981235625
77.53114224999999
57.934365275
-255.40893556249998
-81.660833375
-42.5295209875
-83.68116381250002
-91.054010375
-73.7364625625
85.47930718750001
76.9069719375
614.2732619999999
663.1305693749999
53.48163128125
4.427046477499999
-9.700295924999999
-26.83205604375
-44.39920425625
-89.7702121875
-139.446287125
-171.91442487499998
-283.6658286875
-647.987060625
-807.915268125
-425.76591493749993
-261.8767929375
-312.61922837500003
-241.20326993749998
-231.672382375
116.9856548125
173.23942187499998
804.9810024999999
963.8861850000001
527.9832076875
239.13551331250002
193.4726715
203.5086059375
176.22035981249996
107.313089375
63.918457062499996
107.44593618750001
108.59642031250002
85.11939999999998
-242.62346268750002
-98.697729125
-40.62264919375
-70.881276125
-83.11545375
-71.8295908125
83.65296362500001
64.24574849999999
105.424337375
147.5578689375
75.4027128125
62.31917858125
14.01687860625
15.76223254375
-55.81617831875
-128.009462375
-157.50162125
-191.35393143750002
-287.4023628125
-409.4159698749999
-265.49049375000004
-291.15495681249996
-287.865715
-213.86932375
-237.06026074999997
-146.18857381249998
136.6107940625
115.84619525000001
240.9768295
316.93092343750004
400.12767793750004
297.69390106249995
305.89654924999996
215.85294725000006
196.19407656250002
141.4866351875
119.2390441875
104.70436093749998
66.6805124375
45.07081031875
2.678541243125
6.7426812625
16.85693979375
-30.63382386875
-97.9742813125
-44.984931943750006
23.68171930625
-34.83080386875
-26.0387992875
67.72353650000001
71.83321475
40.83412170625
50.3018283875
21.498768331249998
16.5584838375
-12.270264625
-58.646941187500005
-132.31564518750002
-160.98295212500003
-157.1179961875
-104.2402839375
-179.5697975
-162.98515318749998
-171.0472679375
-155.825758
-71.9255590625
108.9300155625
2.263791114375
48.4680748
219.53542706250002
232.53402712499997
200.8029746875
160.8026123125
142.498922375
139.10591125
128.076114625
111.83657643750001
87.07291599999999
50.681438443750004
49.472804068749994
31.750278475000002
-2.763634324375
-6.004735231250001
-38.58057260625
-79.51680662499999
-48.114624025
64.35857775000001
190.86126324999998
509.08008575
548.7859344375
66.969513875
-2.984246015625
-23.37995529375
-23.83079051875
-53.633694649999995
-108.15283775
-148.06015012499998
-186.8412399375
-302.1181869375
-602.607612625
-857.9114531250001
-406.49635312500004
-261.45574568750004
-279.237995125
-233.20034024999998
-206.787700625
131.8829345625
177.54215237500003
808.99551375
959.7834775
500.386238125
209.491443625
187.64364243749998
185.43737412500002
164.499416375
119.5146560625
39.285428525
86.2342739375
99.0973568125
52.14898109375
-268.5655784375
-130.96298218750002
-39.52825784375
-81.39862062499999
-95.57339668749998
-84.42605018750001
84.1706085
85.1524925
638.6741637499999
601.904487625
62.93137549999999
0.32130517062499997
-11.201400756249999
-39.17669773125
-71.11354825000001
-104.07261849999999
-152.86199568749998
-176.8483925
-301.8949699375
-616.2203979375
-782.0057681249999
-400.07797243749997
-258.630180375
-283.6886024375
-242.14954375000002
-213.1500625625
132.863864875
182.74007799999998
798.0970000000001
958.764419375
512.5838470625
223.37265012499998
190.77774050000002
205.253486625
172.1650505
120.18168449999999
49.34469223125
69.40995218750001
110.29812812499999
65.0969934375
-235.58626175
-126.31091118750001
-25.8411932
-80.62222481250001
-89.0562153125
-75.7820081875
90.60049056250001
82.06077575
559.417991625
590.2245330625
82.21063612500001
-8.42011809375
-12.2310268875
-25.238766668750003
-68.105506875
-119.1243266875
-164.26527025
-208.75658037500003
-372.5189971875
-810.296020625
-672.3682406249999
-279.9885368125
-248.2485961875
-214.75996018749998
-191.012153625
-171.737537375
136.37884137499998
181.22383118749997
722.2113037500001
864.253235
460.034484875
232.34430312499998
197.63830187500002
193.91090393750002
162.49736787499998
125.52773475000001
91.61861418749999
92.84790037500001
51.96729183125
-42.34673023124999
-231.00793837499998
-119.8945808125
-22.870342731250002
-46.312856675000006
-62.6376485625
-34.69182014375
41.95687770625
-9.18248891875
45.512194631250004
-9.2516666625
84.39468381249998
15.7795667625
37.480351925
-2.88024336125
21.797380450000002
-27.1349239375
-63.646788625
-68.92114162499999
-88.377828625
-62.836670875
-107.2885131875
-81.8753051875
-27.05770969375
-35.59679985
-77.1119833125
-65.67295075000001
100.01793862500001
122.77687075
92.87563325
194.388847375
165.31206131250002
154.6639251875
150.99751475
127.35393525
105.817976
65.9222411875
64.729833625
58.72762203125
68.35826875000001
18.76412749375
-9.697144625
-5.0803720949999995
-18.753727675
-25.812356474999998
-76.51081562499999
15.9302127375
58.661122325
79.371204375
36.789994237500004
35.79692601875
30.61129093125
20.180768968749998
39.634623525
4.48787212375
-1.4346063137499998
-50.64094066875
-80.913906125
-141.40059468750002
-85.159263625
-95.8664989375
-132.686586375
-40.31537056250001
-77.9898595625
-51.54088020625
-72.1696471875
-33.47152233125
79.5855093125
96.9935035625
102.791185375
156.33159637499998
120.0917053125
139.57140925
120.21146775000003
108.3480739375
96.6663741875
69.79082587500001
60.625510218749994
53.9367246625
25.90769290625
2.742991149375
-5.22550284875
-11.600550412499999
-20.8906674375
-39.9738931625
-70.82549575
-20.518777368749998
43.43828678125
112.011175125
49.472804068749994
81.0576248125
50.709490775
40.381236075000004
48.67938995625
-3.2515013218749997
-31.830799581249998
-104.86036300000002
-83.794155125
-101.31245612500001
-182.05484387500002
-153.9231395625
-150.8329200625
-160.81024168750002
-177.07185743749994
-138.1007099375
-143.190698625
-30.996100900000002
56.662535668749996
48.10674190625
101.75477981249999
157.90345193750002
191.33163449999998
201.58441543749998
172.97880175000003
180.695953375
132.3419570625
105.017623875
89.82457162499999
38.03251028125
12.619146106250001
-12.5773882875
-53.15150260625
-34.61066484375
-28.78100156875
-46.4472723
-90.58205606249999
-6.90924286875
30.67684411875
104.2867755625
85.09198187499999
161.26005175000003
59.00354385625
38.40912580625
25.14106511875
-49.996123312499996
-50.352253912500004
-97.68701556250001
-129.47920800000003
-130.8967971875
-175.2700805625
-129.3603896875
-211.41635893750004
-118.278751375
-139.0099525625
-151.18574143749998
-126.44659043749999
-76.7853164375
104.37265393750002
49.855408668749995
150.25043487500002
219.92197037500003
232.36934662500002
216.58159256250002
162.491855625
141.74663543749998
143.2206344375
107.9659461875
85.15406606249998
52.791905406249995
46.514086725
-2.51245200625
-8.2541865125
-13.3514201625
-30.79896926875
-54.511260987499995
-76.06297493750002
-18.85836005
59.12566661875
199.90713118749997
434.19502256250007
489.59030149999995
76.44699575
34.523208143750004
6.369847656249999
-29.67873335
-47.30119705
-94.78313443749998
-150.6567478125
-175.4480743125
-267.45796206250003
-512.5321960625
-822.3286437500001
-418.42380525
-254.472045875
-289.08113481249995
-223.80559918749998
-199.01050568750003
128.0980205625
189.80390549999998
771.700210625
924.382400625
447.5604629375
210.0729179375
185.482597375
190.12693406249997
162.76714325
113.90828131250001
40.012660025
74.3250274375
104.9599551875
86.9941234375
-257.70250318750004
-132.17886925000002
-55.538678168749996
-80.9726905625
-91.0522746875
-49.72887039375
95.8159160625
78.46559049999999
489.62482450000005
650.9906006250001
48.359661100000004
-4.49449062375
-8.7615937
-36.2944054625
-71.3521241875
-119.1750716875
-143.00010681250004
-178.30821993749998
-325.09323118749995
-593.4908294375
-786.4373781250001
-433.19358825
-260.392704
-292.7335166875
-235.0691604375
-220.72090149999997
136.792326
175.62061312499998
832.014465625
965.185928125
510.1125335625
224.33830262499998
186.65166856249996
187.1078681875
158.7364196875
108.81120681250002
41.63935184375
79.8196745
107.5500965
117.434597
-230.8473586875
-105.70734974999999
-44.240207675
-80.26751518750001
-96.12713812499999
-84.14539337500001
105.3074169375
82.75948525000001
681.466064375
644.4630431249999
69.6888685
-1.6977645456250001
-17.0313799375
-36.60515308125
-74.4354868125
-117.97919275
-150.56527137499998
-187.51441956250002
-362.69226075
-637.5799943750001
-789.35516375
-425.427742
-247.84589768749998
-291.27031325
-227.443256375
-220.631237
130.5074215
189.71975325
838.7653349999999
962.3934937500001
495.3225708125
232.0609665
195.19565581250004
194.87560274999998
160.63289643750005
117.864637375
51.24084949375
91.17235181249998
111.06254575
83.91013143750001
-240.02292631250003
-131.18816375
-51.15622520625
-66.22526643750001
-90.669355375
-80.7608985625
89.95000837500001
73.60850812499999
518.8599395625
649.5479581249999
74.33936593749999
-4.257017671875
-16.600557568750002
-46.2562847125
-73.5870790625
-96.71411512499999
-155.1205158125
-187.64017106249997
-296.96996687499995
-639.4472506249999
-803.046875
-460.7263946249999
-238.76771925
-283.7481689375
-266.909103375
-213.73176575
122.94185637499999
186.497097
795.253143125
951.795273125
536.52999875
231.41441343750003
195.4375266875
205.11814118749996
180.091781625
119.5937538125
47.5470209125
81.1285305
129.75182531250002
87.83008575
-254.65782162500003
-86.92793843749999
-3.223451971875
-91.937713625
-88.1619453125
-83.282966625
79.20432568749999
83.8381195
653.4901431249999
623.3408736875001
77.7640485625
-37.171809675
-22.244119643750004
-38.34325790625
-41.293468475
-97.22247125000001
-139.60450175
-173.62510681249998
-348.35525512500004
-628.6549375
-798.2268525000001
-462.9970550625
-279.1689681875
-306.494007125
-232.0656966875
-233.8791275
119.90922925
183.16349031250002
835.8792875
951.4252475000001
489.83184812499996
234.75179674999998
189.16900637499998
204.310531625
168.03535462499997
127.70029068749999
75.902557375
84.8913765
121.89946175000001
103.70121
-234.641723625
-131.656332
-23.618531224999998
-61.700835225
-86.16226193749998
-79.51459887499999
73.448567375
68.8618898125
168.8913345625
60.6263017625
88.47773550000001
59.837455750000004
48.634791375
22.7655506125
-47.535514831250005
-93.96750449999999
-180.56381225
-203.6767578125
-278.17321775
-438.7601089375
-276.3913154375
-310.4846381875
-236.17410662500004
-282.8075599375
-207.23537443750004
-202.9463005
167.59870531250002
106.9005489375
149.43085668749998
287.33207699999997
390.9105300625001
357.1630859375
299.6648979375
226.0783005
261.09394075
151.3063716875
133.7524605
142.6502036875
81.487970375
44.04843330625
10.696042775
18.48930835625
3.4372878075
-3.983774483125
-91.57575606249999
-62.17199802499999
14.913666249999999
31.78557634375
-6.39773905
40.851140025
90.15280725
41.726493837499994
33.528881075
30.673220156249997
42.19308853125
-26.388940812499996
-41.391954425
-85.8732605
-181.9145965625
-155.64115525000003
-178.39851381250003
-220.02132418749997
-169.7681045625
-198.52760312499998
-177.38386156250002
-89.719944
123.861179375
47.36375331875
19.7324550125
188.77790449999998
259.1202545
210.7823371875
182.32233050000002
169.41402437500003
178.06688306249998
145.16312599999998
142.48285293749998
84.25176618750001
55.28607845
17.221579549999998
2.1185025575
16.938880681249998
1.572173535625
-37.7162480375
-98.7084484375
-65.7574129375
39.20569181250001
248.2883835
679.259185625
553.0815506250001
81.1126136875
-5.533729195625
-22.0747208625
-29.57977295
-54.47391033125
-98.6939525625
-141.99664118750002
-165.32703400000003
-303.54356768750006
-610.4770660625001
-798.3027649999999
-423.102417
-278.13209531250004
-279.75824356249996
-244.77718356249997
-210.72473524999998
128.9150715
184.53081131250002
840.3685762500002
932.2308350000001
480.38417818749997
221.4230728125
181.62645337499998
190.6269455
166.98398587500003
118.6561584375
67.41735937499999
88.40997693749999
100.41125300000002
80.45850756250002
-246.7207718125
-135.80635068750001
-36.8607473375
-83.05699349999999
-99.9544334375
-70.728268625
81.28595349999999
109.996204375
540.1401520000001
661.260070625
63.658924125
-6.5780103187500005
-23.633501531249998
-27.402021887500002
-54.51393604375
-94.36634062499999
-145.48159599999997
-178.67050168749998
-310.53577425000003
-590.4913711249999
-790.88081375
-374.6765136875
-270.151863125
-300.2936363125
-238.36675643750002
-230.60705187500002
138.19730756250001
178.36675643750002
843.48564125
925.5141450000001
531.1291122499999
233.4199333125
185.781993875
205.526733375
174.089260125
118.236837375
59.7968006125
77.39326
128.59329225
60.47581195625
-228.50660325
-131.63458824999998
-43.624072075
-67.08218575000001
-96.3945484375
-71.48969174999999
89.53856468749998
77.0472145
547.3866271875
685.51857
62.9023838125
0.49180649249999997
-18.3459103125
-29.570162293750002
-63.44729425
-106.98028562500001
-155.61870574999998
-197.1757125625
-333.97144318750003
-722.583541875
-839.9866487500001
-454.2813873125
-273.90848162500004
-276.9743538125
-233.4011840625
-222.29724881250002
117.69429206250001
186.18824006250003
795.2186587499999
970.435409375
526.6035843125
246.141986875
203.4646415625
199.79934693750005
176.3938713125
108.9876938125
71.1223745625
103.11690331250003
115.25715824999999
80.0183868125
-269.0055465625
-110.5132198125
-37.3634266875
-58.48069191249999
-94.7041893125
-80.69219587500001
73.23173525
68.633875875
77.6266384375
118.7059498125
98.4192848125
27.02887296875
59.578866956249996
36.70994281875
14.574080706250001
-57.10202693749999
-110.6667041875
-135.0795936875
-220.00635149999997
-328.10054781249994
-237.89039612500002
-214.5718193125
-254.41673281250002
-247.78553006250002
-234.2566871875
-168.43103406249998
128.725509625
70.9313869375
172.18679425000002
266.596469875
248.69035718749998
260.7467841875
216.261711125
227.435379
196.10315325000002
130.728979125
121.33611681250001
105.1574039375
33.7291646
15.654605625
-2.7062752843749998
10.455261468749999
-20.67131519375
-31.5520429625
-89.2760371875
-43.53377818749999
25.76035499375
84.58945274999999
101.204195
517.1103286875
81.9985294375
14.857567549999999
-28.466000556250002
-26.09269141875
-55.2863931625
-104.35547831250003
-169.31262968750002
-194.835968
-327.8428268125
-597.2678756875
-867.008743125
-428.3553314375
-275.8111
-305.5934524375
-229.6230506875
-214.23656462499997
126.912860875
183.881111125
771.6091156250001
944.7611999999999
510.5211639375
232.20232012499997
201.54012681249998
199.3439293125
198.4673309375
126.94580081250001
76.0664415625
101.827898
102.33940125000001
83.5773181875
-219.20505524999996
-85.80093381249998
-43.865485193750004
-47.5115633
-70.7608843125
-58.53001594375
71.48307325
43.2874822625
263.9351081875
167.98021318750003
83.2317543125
65.69580081250001
48.755655287500005
7.3525148625000005
-60.855579375
-98.5946750625
-157.6960754375
-168.41197968749998
-253.1360816875
-388.623886125
-296.240921
-295.92617037499997
-283.79693987499996
-275.36483762499995
-231.0686874375
-207.105846375
148.61742975
104.21602250000001
232.00187681249997
318.647899625
353.1236648749999
304.50874331250003
274.443950625
230.42182925000003
235.00440600000002
146.069994
127.81327250000001
115.61202999999999
76.58361437500001
41.81615829374999
9.985515475
2.974318265625
10.00678896875
-15.0849545
-75.0215291875
-41.29425525625
18.443610668749997
-9.784758687499998
-7.02254295625
49.175133706249994
91.01934431250001
64.22148225
59.7060346625
-5.613306760625
38.717510700000005
-53.71863365
-76.01869106250001
-141.55935287499997
-163.85791781249998
-135.95195768750003
-180.77718737499998
-184.373703
-162.73279187499998
-204.27248000000003
-178.66001131250002
-107.2793674375
125.6287479375
16.635382175
40.730118749999995
217.56961825000002
241.27780912500003
227.92890549999998
166.529045125
163.9546775625
149.3230724375
125.240469
104.265499125
79.151692375
64.6828746875
34.3251299875
26.205043793749997
36.23940944375
-19.3944466125
-49.105010031249996
-90.77682493750001
-60.12236118125
61.332731249999995
274.643116
632.7283475
574.41516875
77.1384525
-2.78081029625
-28.224902150000002
-31.603727343750002
-51.699562075
-110.8863735
-159.7917270625
-206.083469375
-375.56705475
-672.7781675
-915.804061875
-446.8531799375
-272.7739143125
-308.01906587499997
-227.76163100000002
-205.29548643750002
138.7154293125
199.39531325000002
866.74476625
995.849228125
481.7454910000001
210.04533768750002
183.13007356249997
190.592594125
159.94237900000002
115.430498125
58.40584278125
91.93046568749999
102.66306875
65.840458875
-253.62260818750002
-159.805440875
-39.04590606875
-85.87263106249999
-93.15738675
-75.57463168750002
93.40021131249999
102.81213762499999
831.4657593750001
701.077346875
69.27018162499999
-5.7072246075
-20.14610290625
-22.73828983125
-61.0598039625
-82.865057
-155.21080968750002
-170.32373431249997
-315.5410575625
-669.5642087499999
-810.5548093749999
-398.17535399999997
-268.448429125
-321.1471939375
-236.64653775
-215.58891293749997
135.406885125
189.6229935
879.610976875
1016.590041875
479.79213712499995
226.2360381875
196.97078706250005
202.68022537500002
174.14268493749998
106.82979581250001
51.770944593749995
100.5428314375
113.33799362500001
71.79350375
-244.45060731249998
-113.95050999999998
-143.5250854375
-91.9942855625
-88.58725550000001
-80.83952906250002
96.7943286875
94.121933
816.7963412500001
708.43048125
65.2482700625
-0.912229344375
-29.2376685125
-20.184395312499998
-62.43342399375
-82.726230625
-152.9920864375
-202.5849533125
-304.7555160625
-717.992019375
-888.3042143749999
-398.21655275
-274.563140875
-291.82380674999996
-255.82494737500002
-212.79518124999998
122.27844237500001
198.69407656250002
881.4686587499999
992.8878018749999
487.4193191250001
231.1894035625
198.6015891875
205.47773362499998
178.72903824999997
120.52048681250001
62.269382475
80.84772112499999
130.432252875
46.67071819375
-278.7192344375
-152.5258064375
-36.0870313625
-89.0268993125
-105.4824829375
-93.8811493125
79.5238971875
98.08522224999999
712.5806424999998
737.4868012500001
67.76844500000001
-0.61566419875
-18.95574450625
-22.19605684375
-49.87872600625
-94.0704059375
-140.3201484375
-173.527011875
-340.33916475
-679.456100625
-791.16104125
-416.362876875
-266.4108466875
-305.00621793749997
-235.8561134375
-215.97608568750002
137.8804206875
187.6230049375
862.800674375
985.583038125
527.3963546875
209.67391968750002
183.70288850000003
201.007671375
167.87967681249998
108.61060143750001
60.24857998125
82.09780693749998
101.96105006250001
56.228089331250004
-250.11306762499999
-99.42228318749999
-43.6491251
-83.19992062499999
-79.94920731250001
-92.8639698125
94.66967581250002
78.0672311875
845.1465606250001
683.7054443750001
58.215799331250004
9.80997145
-14.77531075625
-12.22031235625
-59.222893712499996
-105.3986549375
-143.0949688125
-197.05375668749997
-325.7318878125
-692.377014375
-878.74092125
-438.9966201875
-289.18230056249996
-324.628067
-203.58015062500002
-240.0932884375
118.1487465
176.46051406249998
843.844756875
1008.465041875
496.9106674375
233.1403923125
200.19014356249997
196.6732788125
162.8837585625
116.63503643750002
49.459252356250005
95.7156944375
103.7985896875
73.7333154375
-233.115501375
-121.38087275000001
-44.69230651875
-33.76083850625
-86.90351487500001
-79.924306875
86.72749518750001
78.56013775000001
59.1552925125
75.177373875
100.742483125
46.4452219
52.33965396875
23.520514962500002
-34.7431898125
-77.51317974999999
-157.41747856249998
-192.43154524999997
-229.31182862499998
-440.046196
-274.229393
-280.205211625
-256.7489051875
-287.71965025
-253.8704109375
-184.8945808125
151.4010810625
95.8920288125
135.09062768750002
329.79320524999997
387.9089355625
333.220253
309.63293075
241.10824587499997
229.50675962499997
160.78668593749998
118.97052762499999
135.37096025
70.42791843750001
67.3484945
26.344976425
21.95685148125
29.73798275
-6.09471321125
-77.16145993750001
-56.0919427875
30.15336275
-14.803516862499999
-44.54323291875
57.220053675
101.779518125
33.17889451875
90.2046585
4.312485754375
39.74729299375
-13.084322212499998
-47.20853805624999
-125.15048981249998
-157.30882643750002
-197.12867737500002
-219.50666425000003
-166.83435437499998
-165.05836487500002
-200.4701614375
-185.106678
-99.7826671875
137.994031875
-0.37803389125000003
26.07724666875
211.49192812500002
258.291072875
233.19915768750002
186.33337018749998
197.69376756250006
179.5632553125
138.236866
96.64494512499999
96.87878606249998
76.7128324375
31.405334475000004
34.40423726875
15.47906160625
-23.4248638125
-45.93765735625
-96.69157981249998
-60.333356856250006
63.494567874999994
203.41768262499997
617.9338455
580.0955963125001
42.700653075000005
-2.6602619887500003
-31.416366099999998
-23.5148429875
-60.6493043875
-111.83405875
-160.246276875
-203.53610993749996
-324.97535706250005
-652.1338656249999
-912.9121399999999
-420.1754379375
-278.67393493749995
-293.6730956875
-243.01740643750003
-207.58661268750004
138.546505
198.32597731250002
870.37712125
967.607116875
463.1513976875
218.36540225
197.28185656250002
208.69565962499996
165.33805849999996
121.769142125
55.66127776875
100.96089362500001
101.84759137499998
61.418137550000004
-261.686916375
-117.45918275000001
-50.87305545625
-78.41469287499999
-110.57594300000002
-78.671546
89.1796016875
124.80066300000001
917.49137875
663.4438325000001
79.384121875
-14.664531943750001
-40.15779018125001
-25.572991368750003
-70.95502375
-103.1540870625
-145.77248575
-165.215778375
-306.9190788125
-702.724380625
-790.2282712499999
-394.41825868749993
-275.1607704375
-321.49940493749995
-247.2036743125
-229.79425431249996
133.8372325625
192.77570725
895.5881499999999
986.60972625
481.00914
227.28094100000004
191.85590743749998
191.37702943750003
166.60594937500002
110.39393425
56.06168746875
106.67647362500003
119.61486818749998
56.376214024999996
-242.6021194375
-114.9517726875
-72.5851869375
-87.32630731249999
-89.502477625
-73.6538935
96.205453875
112.2785854375
723.2992556249999
660.5747225
59.960842131250004
-6.8365991125
-7.568871975
-27.65336036875
-57.04057216875
-90.5098915
-144.9365234375
-181.06948850000003
-328.09986112499996
-723.93844625
-817.8409575000001
-454.49745181249995
-284.69198225
-298.02173612499996
-268.59718325
-225.32396318750003
104.25477981249999
185.80310818750002
853.66561875
968.340835625
504.1952514374999
231.6637039375
196.63734437499997
204.04626843749998
167.529678375
121.5280533125
71.5550899375
96.86870574999999
120.98345756249999
76.47204875
-244.55688475000002
-138.5104179375
-7.7737259875
-77.82881262500001
-83.622074125
-79.75601193749999
86.85340881249999
77.2631025625
752.5926968750001
686.8472287500001
44.453573225
3.05358111875
-25.01563310625
-29.3312692625
-87.9971218125
-112.07593918749998
-155.8837509375
-180.264644625
-380.7837295625
-710.385589375
-848.7158968749999
-422.9749298125
-250.93910218749997
-291.74518587499995
-248.56760025
-224.55930712499998
139.42690849999997
200.7867431875
865.689239375
974.181060625
527.0248031875
214.0893173125
192.4625778125
198.5653305
159.83648300000002
101.6025543125
59.1943740875
81.7284393125
111.11533162499998
33.6880350125
-253.27011106249998
-89.9681281875
-31.466319562499997
-80.796985625
-89.1425705
-75.93533518749999
84.8340225
110.869979875
567.314643875
688.494415
35.2066326125
10.569033625
-10.163580181250001
-26.258778575
-49.916076662500004
-104.840984375
-159.6536064375
-189.4035720625
-297.83460618749996
-712.68226625
-885.830078125
-395.56133268749994
-319.199123375
-305.458393125
-236.10280987500002
-227.18246462499997
107.39582062499998
184.28718568750003
873.942336875
974.15618875
519.3218231249999
240.9446906875
203.5019874375
197.25915906249998
182.575244875
122.81264306250002
57.14788436875
83.0442333125
144.24333575
86.0090923125
-193.1056785625
-123.8036536875
-18.41461539375
-51.09288215625
-73.00230025
-64.8853635625
91.28738406250001
63.038058250000006
100.580654125
89.29368975
82.29052543750001
58.529543875
42.45813846875001
-26.607661250000003
-54.9904584875
-146.99144362500002
-138.8298320625
-191.94179537500003
-266.3374138125
-451.2804413125001
-251.2903595
-297.2704696875
-281.66534425000003
-271.36003493749996
-200.089836125
-163.4336280625
154.397296875
99.8308849375
199.463539125
333.8946914375
424.203529375
335.5124283125
272.43637087499997
241.8663788125
198.4471511875
166.47438050000002
156.030454625
154.6453285
73.7312650625
50.7395887375
25.636653900000002
24.702837468749998
4.179961383125
9.67035591875
-78.62395762499999
-57.7553558375
-0.129372999375
-41.64203166874999
-32.256581781250006
53.19483756875
113.69318006249999
50.580587387499996
35.55630206875
49.343113900000006
40.51392078124999
1.68862491875
-88.87011525
-100.94765662500001
-159.90148543749999
-171.77732468749997
-223.7481689375
-163.2340621875
-170.78638074999998
-197.43257525
-171.87557218749998
-109.201841375
120.5578326875
2.51528859125
-1.484559178125
184.85368731249997
243.84731293749996
238.24691774999997
283.29204556249994
277.74555206250005
210.373268125
121.28411293749998
101.15345956250002
91.2224674375
57.385196687500006
38.4877586375
25.049669743749998
9.977163675
-11.234965325
-69.44966318750001
-137.62529375000003
-89.502010375
99.8925018125
192.8973579375
667.798080625
527.8574371249999
64.0073299375
-24.13034915625
-51.81821823125
-33.94158125
-66.3841056875
-110.3567409375
-156.0859203125
-188.21187975
-347.7215195000001
-668.15292375
-945.184555
-385.00278475000005
-268.3941459375
-306.413879375
-243.164672875
-208.13776018750002
143.12608718750002
195.75380325
894.508438125
971.8075562500001
482.8647995
217.07859037500003
189.81555937500002
201.4276123125
156.3465595
111.2319469375
49.35004711250001
96.2453174375
110.32554625
42.1125650375
-271.73088075000004
-105.98422050000002
-78.7503385625
-90.3105449375
-106.5072250625
-69.91531375
83.9851379375
124.63331225000002
689.79370125
712.5431825
49.0495443375
4.59880828875
-18.5302794
-29.1658115375
-45.23169994375
-94.656124125
-131.513090125
-170.37849425000002
-293.18632125
-652.423019375
-829.4557950000001
-443.7344360625001
-269.38791274999994
-304.34179306249996
-259.655323
-218.1373786875
126.1775970625
190.6275749375
856.717300625
973.388443125
492.640419
233.1115531875
192.17185975
193.704319
161.29835131249996
113.727064125
51.81207656875
93.37689400000001
102.8600406875
89.56252099999999
-241.5950203125
-127.28159906249999
-39.438278675
-94.30992125
-99.75319862500001
-74.96432781250002
97.8720188125
105.57151793749998
751.6424562500001
714.0161893749998
62.39355564375
-2.40671604875
-23.556602000000005
-29.9836516375
-74.8351096875
-97.46231081250002
-151.553773875
-189.177837375
-329.85687256250003
-722.48886125
-875.1842499999999
-385.09197237499995
-267.0098876875
-300.5395508125
-244.586048125
-213.9494514375
126.91113475
190.53932187499998
864.9880218750001
976.1447906249999
520.0920868124999
224.0776634375
203.30926893750004
190.0178909375
159.884538625
112.01101300000002
47.09918021874999
85.77461243750001
127.849521625
28.87476205625
-268.818492875
-112.08618162500001
-71.10188962500001
-94.5770168125
-110.83956718750001
-84.116716375
83.182745
119.8936271875
768.8294218750001
692.13974
65.5634308125
7.2141599625
-10.93272805
-23.58244419375
-61.368341443750005
-94.8685455625
-139.638538375
-177.69105912500004
-318.633174875
-689.240875
-850.3940581249999
-406.65748593750004
-269.814720125
-311.7597770625
-246.33045193750002
-236.92396162500003
127.21652031250001
182.802467375
864.5039368749999
997.0055387499999
509.20173643749996
231.52299881250002
195.393734
202.255859375
178.91717912500002
109.1230488125
60.441775325
111.08822824999999
125.85282324999997
35.57253360625
-252.545394875
-102.53731725
-58.308615687499994
-80.109148
-90.18369675000001
-83.9709568125
83.61561775
96.5606308125
716.6559599999999
672.377624375
44.0359830875
6.8570840375
-17.96031355625
-29.645800587500002
-45.81679344375
-93.4990215
-139.449129125
-176.14456175
-293.8189315625
-701.6076662500001
-824.1281893749999
-458.97129056250003
-280.6886673125
-300.399150875
-244.53081131250002
-232.80853268750002
111.07720375
192.647419
868.561325
967.276535
533.963966375
241.39961243749997
198.5048294375
200.18383024999997
176.09714506250003
123.3521938125
75.86930749999999
106.450023625
125.66278456250001
91.3685416875
-239.91088868749998
-135.42784693750002
-14.28255915625
-60.93909740625
-89.5045280625
-73.19045068749999
81.8355941875
67.63277056250001
202.47032162500003
152.57740975
84.94195937500001
55.4543733625
56.715326306250006
29.2277407625
-52.314124106250006
-104.2557335
-169.16133881250002
-201.4776420625
-248.06524274999998
-445.179443375
-290.567417125
-274.2578315625
-251.64710999999997
-280.7528114375
-273.6743164375
-185.2560615625
138.9919853125
100.83309175
243.65112306249998
304.9810028125
400.511093125
333.959617625
295.3380775625
226.0667991875
232.09941862500003
137.0151424375
116.55892375
123.01055906250001
69.734568625
39.67669725625
8.87835979375
9.977163675
-2.6029029487499997
-45.02984046875
-93.65612031250001
-39.2887353875
23.196058275000002
15.94975233125
-38.24634551875
54.250149725
85.9380245
43.6488103875
49.23816680625001
39.917006493749994
30.4637956625
-15.64909100625
-97.614688875
-117.86085131250002
-182.97920225
-188.3828544375
-141.8326759375
-177.73897168749997
-218.61507418749997
-248.08061600000002
-203.14390181249996
-113.5184288125
108.21791650000002
2.3430538175
44.45798396875
203.8025093125
260.95495225
246.9804573125
207.16840743749998
193.41121675000005
204.490337375
140.68092343749998
126.53388975
84.70496175000001
55.929160118750005
38.994534018749995
38.04606199375
20.06179809375
-23.3533239375
-47.8680086125
-109.03622625
-80.46023368750001
63.471875187500004
292.0377159375
691.00700375
622.5695038125001
85.1501274375
-1.7548084256250003
-22.992622850000004
-32.717974187500005
-54.706974031250006
-109.8132515
-162.73105618750003
-194.79011537500003
-305.7652855
-673.0532075000001
-892.060165625
-450.27988431250003
-277.6147651875
-313.49142075
-240.63196181249998
-213.41495512499995
127.7333831875
185.376701375
842.340698125
983.83438125
484.0724945
221.60366056249998
187.57650375
202.51979825
166.5110969375
113.7165069375
46.4759492875
96.30440712500001
97.82269475
72.84267424999999
-273.3255195625
-155.9225940625
-73.11796187499999
-94.970026
-110.359897625
-75.40255543750001
84.8324489375
121.28695487500002
635.1250074999999
707.0446012499999
58.590841293749996
2.43586823375
-24.92581129375
-31.603255275
-54.027175906249994
-95.79306599999998
-137.466611875
-172.8629684375
-318.97087100000005
-647.251205625
-801.0424043750002
-414.60601806249997
-282.40858074999994
-308.5061455
-236.23580931249995
-216.90099718750002
132.1705150625
185.20004274999997
862.25685125
962.668609375
509.804458625
221.5310096875
186.9164085625
198.6316871875
172.971706375
110.18986699999999
55.390553475
82.6958179375
100.93521118749999
66.174368875
-268.28155518750003
-154.43449018750002
-86.1151409375
-98.4537983125
-103.3704471875
-78.041386625
87.04817775000001
106.3539028125
721.2913512499999
698.50654625
67.5456285625
11.695413587500001
-13.284448387500001
-16.95873618125
-51.43797874375
-85.08079531250002
-139.006013875
-188.66506575
-357.9985809375
-717.3870087500001
-859.315185625
-456.89453125
-261.53642656249997
-298.1886100625
-243.09045793750002
-224.94451525
107.33451843750001
187.037906625
825.1634981250002
987.5598906250001
522.0356750625
231.2532234375
194.5598220625
193.939895625
168.73989106249996
113.06853293749998
75.90460300000001
87.379407875
131.36795999999998
65.138754875
-278.8048744375
-150.4819965625
-34.22175884375
-83.9853000625
-92.94055937499999
-85.13672831250003
86.624918
93.73065949999999
626.3592912500001
691.874695
59.266228675
24.2244243625
-8.013404606249999
-23.4784412375
-65.809412
-97.1971035
-138.1832885625
-189.654445625
-318.72732162500006
-692.344894375
-818.682098125
-462.6917266875
-265.7415199375
-331.301231375
-261.632938375
-228.77250668749997
115.20232199999998
183.36503981250002
848.499221875
973.5614775
528.7153243749999
237.5593948125
199.87688062499998
201.18320462499997
171.901893625
120.76126099999999
60.6348085375
85.91044425
113.151578875
69.089593875
-249.94840624999998
-99.79480743750001
-43.935132025
-82.4041366875
-109.94451525000001
-77.64996049999999
75.85575581249999
123.55484006249998
662.919693125
708.74183625
53.187747
-0.46990290312500005
-1.25543817875
0.280334428125
-46.484146118750004
-71.40397068749999
-141.2527084375
-194.10566331249998
-291.5445709375
-671.2495425
-844.99374375
-411.82697293750005
-276.34735106249997
-296.1332130625
-244.45304868749997
-243.23211668750002
107.16291425
175.87747574999997
848.97811875
982.78160125
534.9293136874999
237.659778625
198.88490675
206.88240050000002
194.35228350000003
118.94405362500001
73.79114625000001
87.6105785625
110.58964731249999
89.9957084375
-229.332466125
-102.5106906875
-13.872851131249998
-55.02071380625
-88.01319125
-85.48718449999998
84.0929221875
58.945398331250004
264.40107343750003
186.64016725000005
105.33073425
64.78325368750001
19.66910839375
19.2083454125
-50.502901075000004
-101.35531425000002
-149.56385612500003
-200.370483375
-261.1430168125
-444.15325162500005
-275.04676818750005
-284.90858074999994
-244.46769712499997
-280.802364375
-260.7872963125
-187.94082643750002
142.3637199375
108.95901681250001
241.09218600000003
318.2019615
383.1938553125
343.6413192499999
299.11968231249995
223.6512565625
230.2514839375
147.309522625
127.2683620625
133.239851
72.00245856250001
57.15119361875
29.509334562499994
20.950231549999998
0.8673191068749999
-14.0847957125
-95.00784875000001
-47.32609271875
14.72898245
35.26509523125
-29.058184624999996
63.83966443749999
77.5007295625
31.86814785
57.4104118375
49.98840331875
23.04935216875
-35.11066674999999
-78.2939863125
-162.55607606249998
-182.90735243749998
-185.48770906250002
-180.446262375
-162.81135556250004
-163.21380612500002
-207.2090530625
-174.114704125
-84.65863225
118.4257793125
0.7409401237500001
40.47231674375
241.15646362500001
250.76347350000003
241.309013375
236.651268
191.3248634375
179.62614062499998
130.0758075625
94.8471165
86.90525056250002
37.56024360625
19.62845325625
14.301310775000001
34.313628675
-2.2447240350000004
-44.2638444875
-93.7976360625
-44.83790874375
49.73155021875
279.6305275
667.4545287500001
670.761031875
73.7555313125
-4.64009434
-24.646737575
-25.7176494625
-56.48132324375
-112.375974625
-144.1083621875
-180.52860262500002
-320.57895662500005
-661.8139649999999
-888.68454
-440.6281280625
-274.857597375
-304.3342971875
-254.84251024999998
-205.9750556875
126.968803375
196.49742125000003
880.862503125
976.389694375
477.442474375
223.905735
190.963687875
198.45109937499998
159.11602975
108.5808181875
47.1111536
101.60240175
100.3039455625
66.6343450625
-266.45393368749995
-119.65300562500002
-55.898275375
-96.50469781250001
-105.380535125
-76.64759156250001
91.1194038125
126.60527231249999
807.2974393749998
664.797286875
73.2928753125
-4.11882042875
-10.6081128125
-16.800526381250002
-26.02934360625
-85.712366125
-147.250661875
-177.72808075
-329.251289375
-632.6406099999999
-854.345474375
-413.951377875
-270.14421462499996
-320.56808468750006
-255.745925875
-220.338363625
119.83154300000001
186.927909875
849.412841875
971.99668875
519.5630645625
237.08145143750002
194.9102783125
199.22101975
174.502277375
112.36242293749999
63.349123
82.77335168750001
116.884174375
100.58176043749998
-231.292915375
-89.6268081875
-58.4559536
-83.1080531875
-89.7686290625
-74.78468418749999
105.952386875
79.1602039375
725.5195618749999
736.18042
49.431200024999995
-7.890334725
-22.454488275000003
-19.95684861875
-53.57302665625
-84.273347875
-129.8594475
-182.68255231249998
-317.9891395625
-688.016205
-827.3284912500001
-440.37876131250005
-280.5231285
-294.7446250625
-256.2526130625
-222.37785337499997
122.30696681250001
180.24951937499998
864.108734375
984.806060625
490.5980300625001
228.91630175000003
195.91547012499998
194.33683393750002
166.78117749999998
115.56160925
57.728567125000005
89.23852918749999
111.6419696875
69.759941125
-250.94886781249997
-129.13851737500002
-15.58842181875
-82.71661756249999
-94.17220118750001
-85.06676675000001
90.2303409375
84.672346125
768.2159425
725.615005625
52.44711875625
-15.10150075
-16.06573105
-28.3843731875
-71.2391424375
-104.6216296875
-141.0815715625
-190.96849443750003
-326.77391049999994
-752.7459718750001
-880.3939818750001
-422.4995040625
-263.7584495625
-286.77007675000004
-242.92892456250001
-225.9512138125
136.7431640625
192.2670364375
848.3285524999999
982.38685625
522.368316625
221.0391998125
201.2936783125
199.19454575
162.5733185
119.2368411875
58.675775525000006
103.779678375
127.64560699999998
57.5325346
-261.2857055625
-117.18704224999999
-16.0053789625
-89.9394511875
-95.85026743750001
-85.099382375
94.0782833125
101.2788868125
725.887985
681.2153625000001
60.18208026875
-0.6897266956249999
-17.5810182125
-12.20849395
-63.898758875
-104.468145375
-144.77587699999998
-197.7619934375
-335.45364381250005
-693.17962625
-886.4881899999999
-441.3381958125
-264.09196856249997
-310.4743957499999
-239.8860740625
-227.02173231249998
113.39047431250002
180.48006056249994
853.234481875
990.096588125
526.35932925
235.5188941875
199.86709593749998
207.79714581250002
167.31695175000002
127.7661609375
71.7172384375
98.85437012499999
108.91740800000001
95.60317993749999
-230.53487774999996
-107.56348612500003
-32.1511602375
-57.0829629875
-86.7550754375
-77.03917981250001
86.560783375
78.5604524375
232.10855481250002
166.68222425
86.41281124999999
43.56608390625
7.4267351625
16.82053804375
-46.56813621250001
-117.50503537499998
-156.13193512499998
-198.27066418750002
-263.7448310625
-433.1751632500001
-305.58376312499996
-240.14631268750003
-278.10869218749997
-276.9652175625
-277.499256125
-207.07897187499998
147.3626231875
97.90668487500001
249.87930300000002
338.455047625
391.4872741875
299.31381225
278.531723
247.4011993125
225.6389618125
144.65887068749998
120.51921843750002
111.9256115
94.2336559375
52.59366989375
23.3728623375
21.271221637500002
0.9350784125
-20.45322418125
-73.6312008125
-50.835552212500005
26.924238206250003
-12.26144075625
-29.07583236875
71.0727358125
97.0951461875
47.7079105375
69.9012899375
46.11745834375
30.64832210625
-7.364333275
-96.239328375
-159.38714025
-224.9591636875
-171.28639218749998
-231.2148475625
-203.1078148125
-172.68743512499998
-218.69678499999998
-181.43980024999996
-92.273836125
132.63363837500003
14.68218088125
25.454649925
212.35073087499998
251.40499112499998
261.8864059375
214.4865608125
186.65025712499997
189.82706068750002
136.37599943749998
90.7008743125
71.99363231250001
44.140458106249994
15.18958806875
10.897430181250002
7.20801413125
-31.2070989625
-24.43274498125
-76.243085875
-28.70032071875
42.02605724375
139.28649900000002
662.735366875
639.55093375
53.59524726875
0.75071007
-11.6309630875
-46.00242138125
-63.101091375
-116.12968443749999
-160.14383318749998
-181.992836
-285.793476125
-642.18338
-912.0694731250001
-450.61244962499995
-261.81423187499996
-320.51372525
-234.42127225000002
-211.0971069375
127.3838710625
184.22573087499998
856.624298125
1003.497695625
468.908424375
224.53638074999998
190.24433137499997
201.55540468750002
167.78543475000004
110.59831618750002
48.10942173125
92.11262699999999
92.068977375
76.381754875
-267.21851350000003
-133.781929
-76.70700075
-80.0153923125
-102.6107501875
-67.33447075000001
84.2088985625
118.38401793749998
733.61503625
687.420654375
51.70176983125
13.3389711375
-16.30430698125
-27.0102787
-50.13384818749999
-101.8507480625
-130.187368375
-175.77102662500005
-286.0582733125
-635.4711912500001
-832.34634375
-456.13979337499995
-271.12461087500003
-315.217475875
-249.48574068750003
-227.25179674999998
123.097066875
179.41404343749997
859.534988125
979.1930387499999
492.86560056250005
232.39851000000002
193.55035781249998
197.64411925000002
165.90991975000003
119.9125385
49.3283033375
89.96891975
98.149824125
70.18666268749999
-263.8038444375
-154.4916915625
-62.85274506249999
-92.91581156250001
-104.7451686875
-81.19077681249999
88.65800856249999
113.13519475
752.2729493749999
688.107605
80.64492225000001
7.0969206125
-4.887336790625
-20.32196045
-44.15511608125
-77.49032974999999
-147.7657890625
-183.54774475000002
-312.90885925
-667.000198125
-836.8527987499999
-411.36566162500003
-260.83559037500004
-276.1979675
-242.13220593749998
-217.6997756875
124.45225718750001
193.32912443750004
826.4781949999999
965.4859925000001
488.0353164374999
224.78361131250006
192.28137968750002
199.7385215625
177.79443743749997
110.811519625
39.026207925
83.6799049375
91.83513643750001
41.889591218750006
-291.21177675
-160.752964
-32.63477325625
-90.85214612500002
-117.86872862500002
-94.66952325
77.8642654375
121.35455131249999
860.721435625
702.59574875
76.53713225
4.8348629475
-11.05059743125
-19.252783062499997
-43.4033012375
-78.8697815
-129.186267875
-148.3650684375
-262.39688875
-540.5310440000001
-755.5474856249999
-381.710929875
-227.54552843750002
-286.5242385625
-247.88497925000001
-226.63951874999998
124.377880125
190.0665855625
894.885788125
955.3427125000001
494.71668243749997
204.420681
180.2971076875
195.365676875
164.506034875
101.742334375
34.5457434625
54.440979956250004
93.69977
15.644677875000001
-272.9768753125
-116.29230499999998
-43.501472475
-102.00549125
-111.916942625
-99.6463585
81.3604926875
129.12181856249998
749.011078125
688.5248568750001
83.2703590625
12.977167368749999
2.0679195225000004
-10.23748516875
-25.470724106249996
-68.4402084375
-126.97133062500001
-171.552219375
-253.81864550000003
-554.401054375
-770.4490662500001
-405.6270599375
-215.75508118749997
-285.775184625
-237.51874924999998
-226.698284125
114.75132943749999
183.73723981249998
837.16339125
953.3997343750001
526.9883728125
215.5611038125
188.76466750000003
183.07460787500003
169.3823433125
108.1227398125
28.01752805625
44.1976642625
71.91436768749999
41.863274575
-278.63248825
-113.41536525000001
-43.724765774999995
-85.39973256249999
-113.888893125
-99.17677881249999
84.234428375
96.43110275
150.0063419375
180.13748168749999
135.49466131249997
76.5829849375
70.00024793749999
42.310957906249996
-33.37965249999999
-86.02957724999999
-110.1358223125
-153.10364725000002
-193.917675
-322.13390350000003
-197.79272081250002
-193.00323487499998
-178.4618568125
-220.1770973125
-216.6495895625
-178.27054975
133.3096599375
47.18710899375
143.2170105
295.21043775
346.060791
264.371910125
237.90843962499997
207.86174775
171.79189681249997
121.87030793749999
88.72293475
99.58395956250001
19.68407869375
-25.17983198125
-5.581476092499999
2.62732774
-31.499252318750003
-49.0104627625
-93.33481787499998
-24.378538131249996
42.9783105875
45.47059059375
-46.94884776875
91.93913462500001
81.07132912499999
71.548152
74.6141863125
45.5221176125
1.9376009699999999
-14.08353566875
-92.8340339375
-104.65156556250001
-135.2110195
-163.3428764375
-178.1891631875
-160.34019468750003
-153.5382556875
-159.12161825
-186.14654543749998
-101.74832343749999
104.37501906249999
-18.40910076875
27.575516699999998
201.7949295
244.0953445625
233.6578750625
231.337051375
170.95531462499997
177.2135925
91.19346618750001
78.3296013125
71.2634086875
26.68534755625
-2.3014527556249997
-6.3843447
-11.019239425
3.713525235625
-58.4442901625
-96.5377903125
-4.796255826875
63.543100374999995
236.77986143750002
724.1467287500001
595.9640503125
58.6620664625
11.38435125625
-9.52317655
-10.46581864375
-37.3777675625
-82.53713606250001
-134.0091514375
-158.34703443749999
-258.786106125
-557.860870375
-779.78469875
-392.30682375000004
-244.74260331250002
-282.9760933125
-229.04945374999997
-201.3045501875
125.96754074999998
195.57085037500002
891.89041125
951.7974856249999
442.5022888125
202.4246215625
176.2841796875
183.5396385
146.670379625
95.80519675
22.558333875000002
58.920025824999996
87.52453806250001
-3.483773768125
-317.96195981249997
-152.755394
-91.5418815625
-125.37330624999998
-132.7036094375
-93.38461875
74.021525375
145.2204799375
651.2036131250001
706.609955
80.07431981250001
11.763645412499999
-4.598965943125
-6.28207564375
-31.122164725
-66.3169765625
-121.81075093749999
-149.645166375
-233.2411575625
-480.570983875
-734.096145625
-402.9478836249999
-249.85652925000005
-283.016986875
-242.835083
-223.82072449999998
129.2625331875
184.9537468125
863.75038125
959.0549468749999
464.888877875
203.69218825000002
172.8248405625
184.04672625
159.87083437500002
99.8111915625
30.0580287
48.93970966250001
76.6680813125
2.74267613875
-305.50985337500003
-162.1135139375
-78.66508962500001
-120.1082515625
-125.55862425000001
-96.39155387499999
78.3931064375
134.117097875
708.5646056249999
717.4340818750001
83.62443925
26.733882425
11.893806456250001
-2.687523066875
-10.629071000000001
-67.67311093749998
-122.2319603125
-159.60523606249998
-263.0194091875
-565.9326553125
-775.2017212499999
-417.6258086874999
-264.2378235
-270.0427436875
-234.97634887499999
-222.91526793749998
122.82603262499998
192.32376100000005
849.3926999999999
951.53839125
483.2131958125
204.82929231249997
177.59382250000002
179.5604324375
158.32686425000003
98.232555375
27.8237032875
61.252679824999994
71.77254674999999
0.9457938374999999
-299.179077125
-190.92729568750002
-63.568158125
-96.15297318750001
-123.20580481249999
-104.84350206250001
79.087715125
134.518137
746.98143
716.372375625
67.372918125
32.36531019375
10.449588299999998
-4.089352786249999
-6.205649375625
-69.31335924999999
-117.05986975
-142.3062038125
-249.4200325
-536.8271255625
-757.501601875
-387.42019656249994
-215.320644375
-292.4066925
-245.25968550000002
-231.4967536875
125.92941281249999
173.43719481250002
844.1358187499999
971.11991875
458.0083084375
197.412796
184.3590545625
189.52104568750002
159.490280125
99.90447999999999
36.31410360625
54.976277350000004
76.5092373125
-24.17258024375
-300.795688625
-128.3187961875
-71.658301375
-120.50913812499999
-122.96690943750001
-97.3592471875
82.644920375
137.09299087500003
672.7698518750001
676.9852450000001
100.5524444375
16.9399845625
13.143728968749999
1.5529488025000002
-16.9696092625
-63.080129625000005
-118.654899625
-179.856052375
-253.12055587499998
-565.0209045624999
-813.512878125
-390.27893068749995
-215.2499580625
-269.608440375
-239.56098556249998
-217.2919655
116.29419324999999
186.47077562500002
869.19731125
959.875640625
493.5268020625
206.18984225000003
183.86629106249998
195.66350937500002
168.7195778125
102.482643125
32.2914052
46.966810225
57.5719308875
-25.349071025
-291.91905975000003
-140.6347560625
-53.2654333125
-101.2123870625
-111.15929606249999
-109.33090212500002
81.972847
114.59737775
334.84649656249996
169.11619187499997
191.99220656250003
71.4359569375
74.22543525
44.702391625
12.15003133125
-53.63574505
-95.7925891875
-142.1666621875
-198.90398025
-354.1670226875
-240.71762087499997
-204.0447044375
-247.8365135
-221.491546625
-236.2278556875
-218.03140637500002
128.606691375
89.39358712500001
148.37286949999998
313.2681274375
354.5048523125
274.2592620625
269.97655868749996
219.4408798125
193.9424133125
132.208490375
98.62240793749999
102.6197338125
63.87086868750001
0.435708090625
-28.89713764375
-14.057061675
-25.716705325000003
-37.84562110625
-96.761865625
-29.86089468125
31.59679413125
44.512348175
2.3993097243749997
6.658533812499999
99.064731625
67.4266529375
33.881702425
57.381100656250005
27.5605464
-38.43701839375
-71.866149875
-121.71304699999999
-129.56146237500002
-157.3256015625
-209.94102475000003
-137.0833778125
-113.479185125
-178.85786056249998
-135.51908493750003
-74.377498625
109.3589496875
33.319141862500004
18.547770975
189.627571125
262.26854325
182.33524325000002
176.43609999999998
142.048873875
133.73717306249998
101.58569337499999
85.02201081250001
63.8418721875
10.11835575
-31.91652298125
-6.9034129375
-10.2039206
-20.494039056250003
-30.09994506875
-82.69187925
-22.71591425
44.039292337499994
187.57650375
684.1439818750001
564.3592071249999
83.83228299999999
13.23228955
-3.8731533287500004
-17.04319835
-37.5448012375
-97.728300125
-126.1517525
-147.6709270625
-237.40709306249997
-505.0252533125
-824.254684375
-385.65002443749995
-235.38181306249996
-266.7632675
-218.7607574375
-194.35039518750003
132.0602130625
187.96337125000002
832.3889162500001
940.993041875
447.0558929375
191.913414
163.85381699999996
167.00605393749998
134.95006562499998
78.76940724999999
11.12450241875
26.79234505
44.777555468749995
-58.45816135625
-321.79538725
-201.71945574999998
-117.75558468749999
-147.0410060625
-156.04259493749998
-109.762668625
73.45991137499999
154.8552226875
736.116333125
687.542800625
88.12522887499998
27.281315325
17.39838361875
4.6265423299999995
-8.01923513125
-66.1742115
-110.40591237500001
-136.97984693749999
-233.7185478125
-514.8348998749999
-743.48518375
-392.42660524999997
-227.2452545
-275.6436729375
-225.3276634375
-216.69166562499998
133.43824387499998
191.34801862499998
855.379104375
936.2670137500002
464.815292375
196.56375887500002
190.38017275
189.03129574999997
157.96049118750003
93.447485
19.36419129375
56.856045725
66.8415594375
-35.97121
-328.02577974999997
-163.276290875
-88.762483625
-122.8794575
-138.54335787499997
-100.56394575
73.77759456250001
149.29454806249998
660.4208375000001
686.6101075
87.21520425000001
21.612067224999997
6.8725270062499995
-11.9064128375
-9.7798740875
-77.33464243750001
-119.8814964375
-154.902896875
-260.722847
-496.744346625
-751.86798125
-427.43824006250003
-232.1794700625
-286.86288831250005
-235.19767762499998
-216.87137606250002
113.09942243750001
191.4770889375
832.3149868749999
951.6367337500001
480.68042756250003
205.44116975000003
187.308158875
190.79193112500002
154.57237243750004
108.3944034375
33.3495545375
63.4121513125
73.5869216875
18.132075068749998
-307.50070574999995
-167.81782149999998
-50.4461717625
-112.4019718125
-106.73162462500001
-99.278097125
85.0012111875
124.61866381250002
756.87934875
648.8513181249999
99.56726074999999
19.3911373625
6.696982981250001
-17.11221933125
-54.59682464375
-87.5847339375
-130.0628853125
-161.390056625
-259.55043793749996
-527.1210098125
-760.741195625
-442.3887634375
-218.72718812499997
-278.2379913125
-230.00967024999997
-222.2150611875
110.697116875
188.75110625000002
849.8355100000001
951.9183350000001
482.86937712499997
209.8007774375
195.27254106249998
198.07289124999997
145.774536125
101.23839381250001
31.81409835625
50.37999153125
64.37606812499999
29.843404293749998
-291.62218093749993
-124.488658875
-70.782003375
-102.59057999999999
-131.4636135
-84.6009635625
76.38490675
142.038478875
665.747604375
693.2985687500001
64.6023511875
26.74459695625
10.0072610375
5.752134919375001
-14.913192987499999
-77.0379209375
-128.29452512499998
-158.8954925625
-238.11037062500003
-541.999740625
-760.183639375
-405.5743408125
-230.3645515625
-280.52431106250003
-222.928752875
-226.1975860625
111.46184918749998
184.15529250000003
844.4203950000001
948.4087368749999
515.4095840625
209.5147705
190.4079055625
201.87892912500004
168.12660218749997
94.51824187500002
27.64122724375
59.6379613875
78.077631
46.317739487500006
-290.53590775
-119.635362625
-71.010332125
-81.2545966875
-101.827735875
-96.207656875
81.77949906250001
100.56284906249999
275.88579175
189.85574725000004
104.33625218749998
80.578575125
45.6135177625
72.72181031250001
19.06289935
-36.33994579375
-97.7680110625
-128.1164550625
-203.8088035625
-287.46278762500003
-252.108039875
-193.10520175
-201.4912033125
-298.73998643749997
-254.6526336875
-235.20256043749998
116.2113094375
71.38159275000001
203.5152244375
279.4984626875
332.81890868749997
232.35816956250002
263.1875419375
219.465293875
212.024860375
134.4229603125
123.1538009375
97.42385862500001
82.3675823125
-1.801924854375
-8.52932095625
-12.334399224999999
-41.40188216875
-22.126722337500002
-113.10824393750002
-58.617472649999996
45.842008593749995
31.536440849999998
8.245046737500001
75.1800536875
104.47886468749999
78.99285318749999
41.3990449875
55.829572675
44.531416893750006
-12.05296278125
-77.50766275000001
-95.0214004375
-132.2795581875
-169.40851212499996
-225.12075425
-138.2737350625
-171.1843490625
-231.70373918750002
-225.526371
-143.32732199999998
107.23146437499999
26.74696206875
31.25484705
194.09463881250002
246.52946475
210.88113787500004
218.47175600000003
185.73030468750002
149.89493368750001
107.32743262499997
85.28233531250001
99.72640993750002
32.60010480625
5.77167451375
2.301767915625
4.6451368925
-41.072382925
-68.4733009375
-106.3691901875
-32.12516069375
75.8576440625
209.6699905625
589.5335388125
533.5314178750001
72.74670599999999
7.31280505625
-9.522073268749999
-5.241891145624999
-45.061039925
-90.84915162499999
-148.7912464375
-158.222627625
-265.174388875
-512.225036625
-774.9285125
-381.43478393749996
-222.8052139375
-262.377262125
-219.19898987500002
-197.75545118749994
121.2797069375
189.08895493749998
859.5997618749999
911.921463125
451.453323375
211.47806168749997
186.4036369375
170.93135831249998
145.57314875
94.8178005
25.0235128375
45.742259025
76.63782593750001
-13.766012193749999
-308.0014991875
-128.75024793749998
-79.2284345625
-107.411260625
-122.3339080625
-76.3721418125
79.39531325000002
101.96988106249998
291.79521562499997
349.36145781249996
104.237604125
36.5013074875
48.581376074999994
-6.705177425
-48.966498375
-81.29667281249999
-110.20940781249999
-131.7354393125
-203.31588743749995
-336.31118775
-304.28174975
-206.583232875
-194.84346387499997
-199.658947
-202.75112149999998
-167.176857
122.10164068750001
87.8890228125
299.9724960625
400.97434999999996
305.1817703125
279.9469375625
226.4826393125
186.40285493749997
171.8333435
103.8386154375
96.6006565
86.9911289375
18.576607706249998
-36.2624168375
-54.1147899625
-25.219855306249997
-56.832251549999995
-55.819802281250006
-96.4791679375
-2.7658402918749996
1.815791875
39.4760990125
83.34867474999999
582.22435
65.47029975
20.782093999999994
-7.7910596125
-25.375702381249997
-38.81221533125
-75.4328108125
-131.81375506249998
-164.64738843749998
-223.65163800000002
-499.7081756875001
-841.3369749999999
-391.741752625
-230.32293318750004
-266.200943
-220.9237861875
-208.7077140625
147.09883687500002
196.773815125
841.5083312500001
951.5200043750001
473.62731931250005
203.8010788125
173.21468356249997
168.64046093750002
147.7735900625
99.6370696875
18.1639063375
42.2019147875
70.40112975
-25.989947318749998
-309.740085625
-172.24462506250003
-79.08818718750001
-121.88906668749999
-139.70330237500002
-108.13203812500001
71.0040330625
142.123880375
782.609100625
681.36314375
101.16779324999999
-7.4415475125
-8.4759014875
-2.5398710368749997
-43.661103250000004
-57.09998130625
-117.7897835
-131.95337293749998
-209.7252083125
-455.253486625
-690.493545625
-363.970069875
-229.8948669375
-283.70853425
-253.19406512499998
-214.61837768750001
120.37504193749999
196.99190137499997
903.402175625
935.4193881250001
470.40355681249997
198.70574950000002
166.7315483125
185.1447486875
157.04920768750003
80.1880931875
21.28004550625
32.2258520125
50.106902125000005
-40.7668352125
-303.79972456250005
-154.2390155625
-83.1070995625
-126.02710725
-144.19597625
-99.312610625
72.9499816875
153.7280559375
785.7206725000001
626.8239975000001
105.39014818750002
23.054080012500002
16.60969734375
5.155695080625
-0.47604851437499995
-71.69864175
-118.854703875
-138.516883875
-235.0356865
-503.5992813125
-701.989440625
-425.75172425
-233.7131881875
-284.3116569375
-212.34214781250003
-231.334838875
100.8578395625
184.18460843749997
829.354705625
945.2418518750001
470.7763671875
202.24325181249998
183.36345675
175.20948412500002
169.7038078125
93.9437103125
28.5167408
54.11084651875
76.30627631249999
23.3268499375
-271.17021562499997
-123.9937019375
-56.843123437500005
-77.637667625
-109.67190743750001
-104.048357
85.539188375
115.55955887499998
213.86018750000002
148.5109043125
107.49053
73.15956593749999
87.44464874999998
71.2279510625
51.01881980625001
-27.93211936875
-59.59730148125
-75.5461120625
-129.1898918125
-235.16994475000004
-174.356670375
-132.7181053125
-184.19389725000002
-193.82572175
-234.875183125
-207.38138199999997
93.342857375
22.22615480625
73.124580375
228.50297925
285.8520889375
241.9837760625
236.8764495625
236.26394268750002
203.33417893749998
162.57585525
140.8207035
123.465175625
94.174404125
18.3657658125
26.4647364625
-2.83470273
1.009456068125
-52.3301982875
-145.12861249999997
-86.55148506249999
38.5791540125
81.58267975
30.86578130625
57.00086116875
87.3252010625
63.59100343750001
44.73564148125
35.91668605625
18.06699514375
-29.539906981250002
-70.13025281249999
-114.1041469375
-106.83074000000002
-130.57627675
-108.3282184375
-106.54126168749998
-118.982658375
-135.87553025000003
-166.4892578125
-106.00092887499999
13.6093783375
46.27235889375
60.853056906249996
214.37059399999998
236.08272549999998
157.90014268750002
150.52761075
123.81027218749999
132.58290293749997
104.049301125
69.103932375
43.8801384
34.623115062500005
25.267288687500002
18.297060725
3.70217949125
-16.54004693125
-57.8447008125
-118.164196
-29.50381994375
66.2749051875
329.06093599999997
363.638649
154.16360856249997
62.6677465625
43.04039478125
39.78590011875
49.228711131249995
5.838961005
-39.7795987125
-83.13388825000001
-123.925943375
-149.74609375
-206.692047125
-179.48030468750002
-194.677677125
-183.248195625
-214.32079312500002
-228.268108375
-125.49212456250001
125.74614525
65.2391338125
151.98901175
197.1600341875
229.05040743749998
208.96938324999996
214.82000350000004
173.63826749999998
191.339511875
97.8940773125
84.350252125
83.88239862500001
23.21449518125
4.539400636875
-24.90233183125
-34.857435225
-64.70131400000001
-84.13420675
-159.639186875
-55.28056145
84.74892618750002
221.49225237500002
306.94082262499995
523.480033875
94.6970939375
13.984260556250002
2.258433401875
-7.7845990687499995
-18.55029225625
-65.93185425
-130.92122074999997
-142.30195043749998
-230.19979475
-486.49875643749994
-760.1470949999999
-391.88209531250004
-240.86755749999998
-294.0783881875
-232.4783134375
-205.11112212499998
121.138038625
193.6839866875
845.078811875
943.1268312500001
439.55429075000006
200.531139375
181.5516090625
198.52121356249998
155.6330395
101.0729313125
37.59806394375
60.03411293124999
73.1876135
-11.2825548625
-290.1254844375
-158.63516806250001
-81.97094918749998
-137.818174375
-137.76002881250002
-99.8860454375
73.0755758125
154.084816
699.4980618750001
716.19995125
80.9328174375
8.325097562499998
7.62591600625
13.31564903125
-10.852519275
-65.4720354375
-115.45917512499999
-160.4137039375
-244.3398285
-577.414703375
-740.59295625
-395.3631973125
-226.80850981249995
-294.9910926875
-239.64969637500002
-222.54756924999998
120.4112815625
186.4830589375
841.5644075
943.007049375
491.5003204375
210.50783156250003
181.67356493749998
189.185562125
151.50524137499997
103.1673240625
35.61177015
57.1034479125
70.48890112500001
-6.3926965000000004
-308.91279218750003
-142.86577225
-81.76279068749999
-131.0854244375
-136.530275375
-114.30427550000002
71.700220125
139.9111461875
713.81073
707.4694062499999
96.9616794375
19.6754109875
4.412706494375
4.6712949875
-17.1981000875
-80.134992625
-113.53497506250001
-143.4473133125
-228.3327865625
-496.33163450000006
-736.8951418749999
-382.8113174375
-254.07999037500002
-287.01353075
-235.53655625000002
-236.48595812500002
125.06319043749998
185.7996368125
892.8689575
947.147750625
474.3756485
206.16083143750004
182.53868100000003
190.6403350625
143.8247966875
95.08379937500001
24.157767293750002
39.728541375
73.13687325000001
-14.2987895
-281.1127090625
-160.67567825
-60.63874721250001
-105.0395298125
-124.29121018750001
-105.6994724375
81.33354187500001
134.5078945
708.080215625
688.1542206249999
99.20560837500003
23.436210156250002
16.4726018875
8.464083075
-16.91981435
-56.31381511875
-114.03307912499999
-152.48601912499998
-238.156147
-482.1481323125
-739.161529375
-409.492416375
-225.9458541875
-278.125
-256.63097381250003
-234.5204735
104.16638375
179.78324887499997
820.3639981250001
962.16972375
507.79739381250005
202.57463456250002
182.62031556249997
188.35620881250003
167.149601
97.39659312500001
24.386575224999998
42.77282715
75.39152625
37.20899820625
-292.75691987500005
-141.14043237500002
-51.05143546875
-108.737773875
-129.45825574999998
-115.8400535625
73.68903162500001
119.15316581250002
124.66246606249999
197.96401975000003
133.90310287499997
89.575281125
91.78187368750001
59.94681358125
12.3827767375
-66.82627675
-116.991643875
-141.0554123125
-193.51970675
-304.2051696875
-207.31920243749997
-186.96266175000002
-182.85100937500002
-223.68465425000005
-230.44805524999998
-200.0257110625
121.29199025
33.244922162499996
157.284317
280.8549118125
345.62572481250004
271.011219
263.35584637499994
202.85654068750003
175.19168856250002
109.17096137499999
86.9369220625
86.435346625
22.505543231249998
-17.428324225
-17.93068766875
-12.78492093125
-42.0979118375
-60.406789781250005
-109.30663106249997
-36.84924364375
69.640493375
42.37745761875
-38.3265543
57.25220203124999
80.216302875
67.698164
81.642084125
61.8396616
79.617972375
5.1694047450000005
-50.421905518749995
-77.16776368750001
-98.542203875
-171.198768625
-185.7867240625
-159.6848869375
-165.6209945625
-204.510974875
-193.9246940625
-156.7903041875
49.37667846875
-44.94238376875
-4.714156687499999
183.40631487500002
223.4259033125
194.6266365
216.6279220625
180.62345506250006
178.51961137499998
132.9603004375
103.7788963125
86.02295875000002
36.13603830625
3.9470583200000005
-4.257647991250001
-6.1462420225
-10.18012643125
-64.8478603125
-110.65252306250001
-55.363922118750004
75.16713143749999
347.11215975000005
761.231841875
606.786003125
69.08281806250001
0.12180916937500001
-10.115203856249998
-14.401216506250002
-31.445202825
-82.58063318750001
-139.273262
-158.366737375
-252.197780625
-528.1694412500001
-814.2642212499999
-380.62751768749996
-231.01234437499997
-288.718299875
-217.5025749375
-199.23624037500002
130.75387
192.29507443750003
893.11821
946.1529543749999
450.76816556250003
194.24686431249998
165.69246293749998
180.69705962499998
154.5506286875
92.589311625
20.33314943125
42.571754456250005
54.07586574375
-49.50652599375
-323.46637725
-147.27414131249998
-125.33344268750001
-133.2327556875
-141.35308268750003
-108.08807374999999
69.25978181250001
142.312507625
752.57408125
665.9052275
96.7491054375
30.1711702375
8.164051175
-8.866226675
-6.152545213750001
-74.6934461875
-120.16545293749999
-141.58417699999998
-217.86901475000002
-491.67507168750006
-734.92874125
-417.836341875
-244.36140062500002
-286.275272375
-245.0273323125
-222.8053665
122.4208926875
194.73142624999997
857.3967743750001
948.994140625
463.16432950000006
205.4268265
181.5114211875
190.0708389375
142.71780012499997
90.0686645625
24.156980512500002
43.4820938125
62.9586363125
9.199035168750001
-308.1360816875
-179.1711235
-70.437374125
-126.723136875
-128.89632225
-107.15377806250001
81.18998525
123.37504387499999
663.3325956249998
709.2229462500001
111.28473281250001
22.786352637500002
-4.537194669375
-2.6128304006250005
-20.9869480125
-74.715037375
-124.95619775000002
-149.84757425
-234.1590690625
-507.06275937500004
-748.424835
-395.79257962500003
-225.9651565625
-263.6811638125
-221.10012056249997
-210.2434158125
130.75056074999998
190.80343243749996
870.37315375
930.137786875
461.0099029375
208.73853681249997
179.7406959375
181.52513506250003
137.37380025
90.96718787500001
14.43036794375
30.92109203125
36.1469101875
-53.33524226875
-351.06929781249994
-206.31849287500003
-119.3655776875
-132.2337055
-161.06559756249996
-114.379282
69.35354231250001
139.1563415625
635.0233462499999
740.28839125
138.3079338125
20.69778919375
5.15049517125
3.390801846875
-3.6314260962500002
-67.0101738125
-105.6485748125
-96.99666025
-221.64596556249995
-458.58741762500006
-770.358734375
-367.90111543750004
-231.7721939375
-278.441906
-220.2744674375
-221.276989
136.23134612500002
169.668979625
859.3734743749999
946.018524375
471.043624875
196.24229431249998
171.1708831875
178.0947685
151.70520781250002
96.9794845625
16.29437923125
39.19923066875
75.7298469375
-99.19678687500002
-311.59021375
-176.856670375
-98.8858795
-140.3965759375
-138.4864711875
-131.12891199999999
67.081241625
131.7483615625
700.18714875
709.391555625
128.91633031249998
22.13980198125
6.38544798125
22.224264143750002
-9.81974184375
-54.58815574375001
-112.98328400000001
-147.0506954375
-195.40035250000003
-514.1049194375
-745.0731656250001
-404.9092865
-241.5882491875
-267.9992485
-212.06920624999998
-228.0117225625
113.73368262499997
177.5755500625
855.6322481250002
948.5034181249999
496.71100618749995
194.66318131250003
185.829429625
185.02906800000002
162.12390900000003
101.4958763125
12.71889448125
47.41796016875
68.203682875
9.07817125625
-289.19750212499997
-154.06913756249998
-75.33006668750001
-89.2090701875
-122.9543018125
-108.0281925
71.7697095625
128.11598775
142.685813875
190.67327500000002
121.8789768125
113.65015981249998
100.45821187499999
87.11703300000002
34.0720582
-31.515955925
-102.02109337499999
-128.1742954375
-214.15391925
-329.66857912499995
-217.50909806249996
-201.34944918749997
-220.534000375
-234.2453384375
-303.80632399999996
-250.1227569375
103.82663725
63.76213549999999
149.1888141875
307.1319770625
353.37440493749995
268.4565353125
269.1565131875
244.2472458125
214.8869705
154.057083125
125.50236699999999
102.05843925000002
68.39025500000001
18.44565868125
0.10668151062499999
-11.90531015625
-17.09173321875
-62.17420578125
-133.5983466875
-84.98592375
47.99233913125
59.87511635
-37.63367653125
67.450451875
99.0771865625
80.78910825000001
98.9238548125
90.90825081250001
51.23312473125
13.808243275
-53.9624071125
-111.9152069375
-129.95384218750002
-172.86903381250002
-171.33775712499997
-158.9410305
-144.809913625
-186.744804375
-218.96844862500004
-125.82067487500001
24.780366418750003
-16.1727285375
-41.4631795875
209.2292404375
252.724876375
203.4027290625
241.562080375
173.04214475000003
202.75365831250002
144.9253368125
78.0484771875
61.62551403125
29.3851614
8.69367659375
-24.969460962499998
9.18028295
-16.31943464375
-64.205408125
-126.6902065
-15.64199924375
32.47277975
248.226451875
741.847610625
514.5175170624999
87.2952556875
11.335501668750002
12.253088949999999
2.612515091875
-46.0623025875
-77.1360921875
-110.479812625
-148.3533286875
-235.600376125
-444.7685241875
-682.97737125
-383.1231689375
-212.813377375
-256.9314003125
-216.28873825
-207.4396705625
99.4649886875
160.76904299999998
782.911224375
858.208923125
414.993934625
189.28010937500002
186.130085
183.43910218749997
166.5471649375
102.10996625
37.6322579375
39.3572831125
55.80971718125
-26.49262905
-312.58115768749997
-146.0326480625
-81.60993575
-97.45710375
-116.512441625
-81.991119375
75.91689587500001
111.708145125
158.92331125
125.384817125
100.38966181250001
58.01804065625
71.5790415
47.82483100625
15.90279340625
-46.051745412500004
-98.23508262499999
-143.06557656249998
-197.78318406249997
-300.727615375
-208.15343856249999
-182.0487785625
-171.0408783125
-199.1056060625
-157.70064356249998
-148.64170074999998
137.73118975
59.85242366875
138.54193687500003
216.86098100000004
269.53407287500005
253.84637831250004
223.34159850000003
194.9165725625
151.69402125
102.61091231249999
52.881097793749994
38.50619554375
-38.78810644375
-62.4898386
-48.27031135625
-29.157459737499998
-40.571908949999994
-52.106747625
-111.1974335
3.708167374375
36.71687603125
221.19756699999996
507.69386293750006
607.7711868125
68.61858843750001
44.74745750625
3.417117595625
11.8875038625
-29.14737463125
-65.769863125
-123.48550793749999
-144.114112875
-254.209671
-492.91641237499994
-826.4998625
-412.13417056249995
-236.503295875
-282.61192318750005
-250.34826281250002
-202.5307464375
108.184661875
185.81792831250002
858.49578875
950.2268981249999
458.297309875
201.32928850000002
180.1275635
183.32090375
158.59822275000002
91.7533493125
32.58844375625
54.7575569125
59.4293212875
-10.358979699999999
-327.49649050000005
-169.86516949999998
-79.6624088125
-139.0275955
-144.5417118125
-116.59233093750001
72.846140875
148.09190750000002
732.5727843750001
694.5024868749999
99.08726693749999
30.185825825000002
5.005994439375
-7.532313468750001
-10.68375110625
-70.195016875
-118.60572812499998
-129.7946834375
-210.22285462499997
-470.48294068750005
-688.520355
-360.29781343749994
-243.20217131250004
-269.037685375
-247.32973100000004
-224.03425218750002
118.473682375
204.1723441875
927.238388125
906.4739225
467.2711563125
193.84756087499997
167.18679425000002
189.337463375
154.8799705625
86.4342403125
24.39807653125
31.14107370625
76.3472461875
-45.98272800625
-318.349609375
-154.6502113125
-71.43863675
-121.75575256249999
-131.42201425000002
-108.07435987500001
71.620483375
140.6593418125
640.61447125
678.60664375
86.51933668749999
45.115246774999996
13.36055875
12.066671849999999
-4.214155971875
-46.37887955
-113.870306
-148.47915650000002
-198.92217637499996
-429.30263518749996
-669.9002075
-431.872367875
-211.17313387500002
-268.081035625
-252.6727104375
-233.09091568750003
101.283769625
183.79381181249997
866.834564375
953.27308625
471.0007476875
182.01395037500004
162.66141893750003
187.33367918750002
155.59711456250002
88.33685875
9.46613251875
15.1382172125
65.60093400000001
10.509941575
-296.8716430625
-141.0249233125
-62.0884847625
-114.6235370625
-125.40262225
-107.4492454375
77.914218875
134.19195175000002
240.67680356249997
197.201004
96.108064625
114.9681568125
99.4178676875
75.06155493749999
7.23086356875
-48.183326718749996
-130.45636175
-152.9636383125
-192.72394181249996
-295.37763593750003
-229.9298668125
-188.56925962499997
-193.439350125
-266.9474792500001
-250.825405125
-216.582775125
109.0876006875
55.717215537499996
175.04703518750003
303.0131530625
358.28300475
289.2392730625
281.6806411875
218.3931350625
205.723075875
137.96298981249998
113.59375
114.4517708125
67.42964743750001
-4.856608808124999
-20.3961825375
-21.923601625
-40.3399515125
-38.88344049375
-128.97842406249998
-60.58075905
25.777373312499996
36.67385816875
-14.68438744375
45.0339365
124.74157331250001
53.41844081875
93.1843280625
59.8834705375
38.66897583125
1.539554446875
-78.4692144375
-114.6487426875
-100.0084781875
-158.9575004375
-178.12007906250003
-162.88164137500002
-107.2618770625
-177.605800625
-195.963687875
-136.4209175
78.79146575
-1.152696088125
-12.270264625
202.06754687499998
242.39868162500002
188.93831250000002
190.6526184375
153.14328193749998
154.936380375
104.76849556250001
66.9589566875
55.054278375
41.99658870625
-0.6733383981250001
-29.902811050000004
2.5939208268750003
-3.471482694375
-57.31129169375001
-87.548179625
-29.9250316625
68.5725736875
206.08142850000002
892.6830293750002
657.1094512500001
64.8535346875
4.91885274625
1.2133643031249999
-0.42467750625
-26.607031825
-78.8425206875
-128.0757999375
-141.9908905
-220.1740074375
-480.43144225
-737.294464375
-349.73075868749993
-218.9240074375
-270.1970100625
-227.70009993749997
-207.128067
129.76742743750003
205.50010681249998
928.3842468749999
903.4598543750001
408.707275375
162.1466064375
160.93118668749997
166.73784256250002
134.06383512499997
69.4441509375
17.1114313625
41.3380622875
50.073652268749996
-53.47611904375
-314.5155334375
-168.91008374999998
-91.20039937499999
-143.09347150000002
-134.1802883125
-109.973039625
81.66288374999999
143.320541375
757.5909425
669.7550200000001
93.08757781250002
13.018769025000001
14.22267794375
5.84510684
6.16735756375
-61.131658556249995
-106.50328637499999
-130.2366924375
-201.3018608125
-460.3014754999999
-681.9205475
-391.5314101874999
-249.67334749999998
-292.4291610625
-227.63179781250003
-223.13131331250003
114.5984745
179.16143418749996
847.238235625
937.64747625
454.52499387500006
176.153087625
170.88865281249997
166.5043068125
143.29202650000002
78.74655725
23.68014335625
46.6593742375
54.72194195
-49.249825475
-324.42825318750005
-184.74874493749996
-112.51417162500002
-130.668306375
-149.339933375
-118.3892155
74.36520575000002
157.0373916875
778.165664375
659.8345949999999
124.6549034375
27.238137724999998
19.30809259375
3.227549195
-8.04350256875
-65.81461431250001
-122.2042274375
-134.3753719375
-235.135192875
-502.83489225000005
-762.7430725
-401.78638456249996
-228.49084856250002
-272.5943565625
-237.2800064375
-217.82056806249997
104.48816300000001
189.2692375
814.4146731249999
950.57243375
461.5456771875
204.34883118749997
188.4635353125
191.68367387499998
157.416687
100.644311875
29.625155925
68.02372456249999
79.5037269375
6.11220479
-331.0877990625
-166.957283
-72.1997451875
-127.48409268750001
-139.5034885625
-110.2229595
67.970147125
146.11585618750001
670.7413481250001
691.76483125
83.4022521875
24.759407043750002
5.394271016249999
-6.40561819375
-17.3736441125
-76.757583625
-109.4501876875
-137.73859975
-215.52770612499998
-399.36923981250004
-671.2171175000001
-376.44943237499996
-218.160305
-278.14966200000003
-229.74658968749998
-239.92033006250006
118.9716339375
184.41371918749996
868.596649375
925.065155
461.6375351250001
176.1050224375
172.94649125
175.9458541875
154.9448871875
87.6840114375
11.7168450375
22.08401918125
53.956103325
-34.122326375
-306.5724945
-148.8051128125
-85.84568025000002
-109.89929199999999
-144.70897675
-116.5118121875
74.373087875
151.0559749375
703.9774325000001
690.7170868750001
93.47286224999999
14.06635880625
0.32177791000000006
14.6798169625
-4.930041134375
-56.18018626875
-116.111555125
-148.66328237500002
-207.3857116875
-501.247406
-723.4227750000001
-373.6832809375
-224.19277193750003
-274.60247037500005
-212.93535231250002
-227.24990843749998
107.0592308125
173.7775611875
883.778991875
944.336395
471.34445187500006
189.05286787500003
184.9197196875
195.00009537500003
171.26636506250003
85.03147125
13.6505067375
50.6037521375
53.14441204375
-41.531410218750004
-305.57445524999997
-152.92841912499998
-85.749559375
-90.07212637499998
-129.6051120625
-106.529760375
69.734253875
131.14845275
219.2060851875
182.6289749375
111.6306209375
70.9986734375
117.0958041875
74.244504
31.943786143750003
-28.21875810625
-95.546455375
-111.11722943749999
-190.51702500000002
-303.76749037499997
-220.20111081250002
-176.856670375
-213.80683899999997
-198.176422125
-254.3468475625
-239.0604973125
113.05766106249999
71.52940275
162.9663276875
273.015956875
304.5678329375
269.095687875
241.44893643749998
214.4646644375
196.35339737500001
121.54270175
100.523605375
99.54850193749999
79.974732375
-1.906557828125
-16.279567481249998
-23.24995040625
-7.23905741875
-49.18269634375
-119.446888
-34.786052706250004
44.557099343750004
29.1516304
4.570916593125
36.45056724375
98.68780137499999
39.06387090625
77.0525741875
92.73586275
49.50621128125
24.62168216875
-32.39257335625
-108.93789293749998
-134.76254462500003
-155.2091503125
-206.23806
-135.28791425
-201.86214449999997
-157.13335993750002
-187.044754
-165.00516893750003
70.27317525
-5.0694990156249995
-4.98881816875
177.0519065625
220.76328274999997
216.38240812499998
191.74528124999998
162.3130035625
157.75233268750003
126.59912112500001
69.1879225
66.6858720625
26.265871525
3.84983152125
2.738263905
-11.23906255
2.75575518625
-55.86613178125
-86.2330150625
-17.462991475
82.47962
215.43079375000002
782.6275637499999
630.944251875
58.88346671875
18.0740857125
-4.117559790625
4.2168349025
-26.6279888125
-77.43990418749999
-129.096603375
-157.70938875000002
-263.9295959375
-503.7650680625
-774.3108368750001
-371.25411987499996
-231.4726448125
-263.66832731249997
-222.15023043749997
-201.16981506250002
129.991340625
205.89437487499998
906.867828125
908.208389375
405.4819106875
177.478485125
171.52622225000002
174.110679625
148.22789193749998
78.6498021875
9.46770846875
36.972312925000004
51.15638733125
-52.72414684375
-326.5732193125
-175.0611305
-111.78094862500001
-136.3766384375
-137.43887900000001
-102.55008699999999
78.0577755
148.95370481249998
710.992889375
692.0292662500001
83.75822068749999
19.57345724375
6.4738500125
2.228335738125
-18.56447458125
-73.7853145625
-126.05232237500002
-145.29194831249998
-221.17599487500001
-437.8834915
-701.2109375
-408.054885875
-214.99397275
-273.5765456875
-219.78794100000002
-218.64793774999998
119.16671749999999
195.7200813125
884.55741875
915.6231687499999
483.520011875
188.410739875
176.50762556249998
183.9225578125
155.03865243750002
85.67202568749998
19.049662350000002
36.759738925
56.422228812499995
-14.895070793750001
-289.54780581250003
-144.0112209375
-71.43123150000001
-113.6780548125
-122.95225143750001
-92.07291599999999
77.9028749375
128.6315918125
147.8596305625
121.93743706250001
92.8174876875
76.3406276875
72.43028643749999
42.805757525
4.56477105625
-30.417940618750002
-101.52155875
-115.691452
-166.7841720625
-275.1653480625
-175.70775987500002
-136.774683
-175.91190337499998
-161.26493456250003
-197.62781143750001
-149.28359987500002
111.20610237500001
62.5804471875
81.5625095625
229.474926
269.28525924999997
208.117828375
189.91088868749998
169.56577300000004
174.20288087499998
97.53920556250002
71.56312468750001
67.99504756249999
-4.966126680625
-23.162178993749997
-22.37018346875
-31.1700677875
-9.89396155
-75.255847
-130.5515384375
-11.985991000000002
46.90361976875
300.325317375
749.2132568750001
616.6835785000001
87.07338331250001
31.80275201875
9.549177287500001
2.2190384568750003
-21.824011799999997
-68.7960243125
-118.45382687499999
-149.71820831250002
-237.35069274999998
-475.46703337499997
-753.59161375
-345.258255
-232.6104545625
-271.3534164375
-230.377388
-208.08954237500004
123.85959625
191.3261223125
891.70585625
900.57052625
434.69375612499994
183.68902206250002
171.43529893750002
171.19121550000003
146.67794225
92.18873975
19.46519970625
26.873025893750004
67.5624895
-67.46510506249999
-308.3194923125
-149.65627668749997
-93.11152456250001
-120.6979179375
-144.10387037499999
-99.66212275000001
74.36772825
156.72128675
691.8102262499999
702.9422762500001
75.052728625
17.81817674375
18.11348080625
4.302085638125
-8.30020010625
-69.0087556875
-110.73351862500002
-148.8161373125
-233.16410062499997
-500.040130625
-730.9835049999999
-410.19569399999995
-198.31903456250004
-281.58010481250005
-198.31810000000002
-221.57711031250003
123.75228881250001
180.23597718749997
829.531936875
940.09086625
477.36114499999996
188.1696319375
179.621734625
186.63875581250005
151.115388875
88.09923175
11.5064752125
40.815367699999996
42.0966529875
-40.45482635625
-282.774086
-154.4957065625
-79.517436
-107.0932674375
-106.38873099999999
-116.9760418125
86.08646393750001
116.70658112500001
252.125759125
204.5721245
135.68044662499997
91.0924625625
94.00627137499998
79.87892625
5.6353682281249995
-62.994093875
-113.115177125
-171.03481293749996
-218.587417625
-301.79365156250003
-212.96836850000003
-174.530315375
-207.1375274375
-254.93249893750001
-209.35806275
-209.10079956250001
130.3260421875
53.350839612499996
181.8719673125
258.9784240625
323.69880674999996
264.73670962499995
248.005828875
199.895629875
184.55081937499997
135.9982871875
78.1606769375
76.85843468750001
50.23517131875
-12.20045685625
-10.11882781875
-28.059759137500002
-39.46538448125
-80.52264212499999
-126.4407539375
-72.7361488125
61.36440276875
39.535980225
2.878037095
54.93451595
115.9976291875
61.21801376249999
50.58988571249999
47.138729093749994
8.5424
-13.841650487499999
-55.443501475000005
-81.65768625
-117.06129074999998
-149.190549875
-161.32205962499998
-114.70342637499999
-122.32051849999999
-119.4063949375
-128.53420256249998
-79.14302825
62.0943117125
51.60407066250001
64.677677125
167.35588074999998
233.4479904375
185.334301
164.95105743750003
111.07657431250001
126.73685075
96.71128275
76.2194490625
64.44335462500001
26.489634512500004
11.943129299999999
-9.20896231875
3.38481366625
-19.3054139625
-45.47815323125
-99.98168943750001
-17.658863068749998
76.46637918750001
269.0630721875
813.0517581250001
603.4038543749999
85.55148125000001
8.7253499
7.7084875125
-11.77215456875
-29.115386006250002
-90.00310900000001
-134.890337
-168.85894775
-266.8701935
-540.3101730624999
-778.3509062500001
-414.5823288125
-219.50492856249997
-271.54596331249996
-200.3576469375
-191.7273903125
139.4018459375
207.03556062500002
874.4277193749999
913.862075625
405.2852630625
193.6067771875
186.901760125
181.45122525
139.8514270625
79.427456875
8.18942129375
45.12864113124999
35.03754854375
-37.62579679375
-339.22988893749994
-194.9053955
-114.25101281250001
-144.10033225
-141.4930153125
-105.54472925
83.73237612499999
150.33489225
693.3871462499999
712.198715
89.70134737500001
24.05282020625
16.86765551875
5.623234510625
-10.88970780625
-59.26181793125
-114.53923225
-121.31074906250001
-223.589077
-446.62181856250004
-700.1604462500001
-385.3897095000001
-217.43118287500005
-276.8968200625
-222.00588225000004
-217.8070068125
114.4410515
186.457386
873.58070375
919.5585631250001
475.4420089999999
188.83367537500004
170.98320006250003
179.3546295
147.1027755625
84.22276500000001
25.798172949999998
32.57095336875
52.718787193749996
-19.8066759125
-322.6956558125
-149.3712139375
-85.38601874999999
-108.53354456250001
-124.36196324999999
-86.617040625
82.4252605625
109.9363231875
350.203590375
165.5810546875
128.908453
78.44699862499999
51.104540825
26.02839708125
-27.0200467125
-54.2887544625
-113.262043
-116.54017449999999
-192.94399262499996
-240.200996375
-174.31625368749997
-179.49865343750002
-160.206241625
-145.4189586875
-189.1616058125
-153.0255699375
131.08699800000002
110.01889231249999
169.6166610625
229.9411964375
298.59272006250006
176.60627362500003
218.33860399999998
168.5872078125
166.33222581249998
87.206544875
79.7947788125
57.6515102375
6.30886435625
-27.021622656250003
-41.7417812375
-34.95734215
-0.4144348206249999
-72.64727118750001
-109.77291106249999
-59.94193076875
75.5900764375
159.98176575
189.2906570625
527.2275924375001
118.86621475
22.5477767
6.153963208124999
-4.965811670000001
-8.100861312500001
-85.02642631249999
-113.4941578125
-153.93480300000002
-252.98118593750002
-474.007377625
-742.6442718750001
-406.19716643749996
-236.60408018750002
-270.68904875
-218.78179550000002
-202.34497068750002
118.812322625
196.8185615625
835.879898125
898.4141537500001
483.278427125
187.64837262499998
168.7589645625
173.474388125
147.3955535625
90.54439543749999
23.233246806249998
35.177164075
52.10139274375
-57.597460743750005
-327.17437743749997
-193.35638043749998
-112.86636349999998
-136.77940368750004
-152.83489225
-109.513378125
69.7118759375
155.44646262499998
757.48710625
680.370865
85.1498126875
23.3623051625
13.09361934375
7.70517885625
2.623545825625
-53.042459487500004
-112.02078818749999
-146.0462760625
-239.56224443750003
-498.0061721875
-739.191513125
-382.94006349999995
-223.9480590625
-273.936061875
-217.75020600000002
-223.73760225
115.452404
193.06564331250001
871.597595
914.1431424999998
466.9602585
195.89136125
179.89795687499998
190.12411118749998
162.27107999999998
88.23537825
13.5540676125
45.49517155
60.8297348
-22.368292806249997
-303.6824035624999
-151.62901881250002
-71.85984612499999
-112.49037743750002
-122.34683037499998
-96.52786256249999
91.96261406250001
123.4522533125
237.3343849375
183.161602
116.94326400000001
102.022981625
95.710172625
81.79225918750001
28.87302875625
-46.03488445
-104.7136593125
-136.9666099375
-210.66076281250002
-291.37296675000005
-205.25058743749997
-187.03569412500002
-195.71187975
-212.53572462499994
-239.45816037500003
-188.06076050000001
105.4084205625
68.55571268749999
162.61556625
280.0252533125
318.52705000000003
253.756237
267.96283725000006
220.8718490625
207.79747006250003
119.75039481249999
81.55005456249998
92.476482375
50.04686355625
-28.217022418750002
-42.80733585625
-24.1188454625
-23.23340654375
-88.309125875
-156.24413487500001
-42.31001376875
39.85255718125
87.42494581250001
-26.93905115
31.991217137499998
79.6666621875
79.29319856250001
93.4730148125
92.55496025000001
56.168999675
8.74189615
-74.13640025000001
-103.77290724999997
-119.78269575
-158.53235243749998
-154.6800804375
-133.0179786875
-103.3899879375
-119.12401199999998
-201.14995956250002
-80.245142
-4.616772532500001
45.55804729374999
39.76620435625
182.4887275625
228.112640375
160.30481337499998
187.484321625
159.1384029375
131.29957199999998
91.9846725625
62.7000475
56.11447334375
17.64279008125
-2.145606279375
-25.576775074999997
22.27358579375
3.133789003125
-32.99263715625
-80.71331025
-18.1202566625
46.711215975
202.5087738125
868.23165875
658.39447
71.5101766875
9.47637558125
-3.48503440625
0.2590611575
-33.33836555625
-94.30204393750002
-121.76379206250002
-157.576313
-273.4007644375
-471.5059661875
-763.188858125
-377.935562125
-220.08089062500002
-279.39336775
-192.0207405
-205.5548668125
135.1267146875
192.58296968750003
863.2127381250001
917.4261475000001
435.8891678125
166.40628812499997
164.60075381249996
180.6518173125
140.606546375
70.0210475625
8.21321606875
21.2855625125
43.54417800625
-53.9162397375
-335.0035858125
-180.36998749999998
-130.2418995
-147.868852625
-155.0427436875
-103.07214737500001
74.3043804375
164.9494743125
713.815155
672.9551693750001
97.55811693750002
22.937154768750002
16.983160975
17.599928381250002
4.3846574425
-58.27174186875
-105.40275574999998
-116.81578637499999
-219.4434738125
-413.442688
-705.625305
-385.3675079375
-229.56426618749998
-278.1561279375
-208.50090024999997
-225.340271
118.7820625
181.71281812499998
833.381805625
916.8444062499999
451.3959503125
174.3700599375
178.135280625
174.045143125
143.622465125
86.7804431875
23.1984233875
38.684890268749996
55.9163951875
-78.892788875
-322.93533325
-178.5465621875
-116.406545625
-129.73937037500002
-145.66052437500002
-110.0505638125
74.70605375000001
155.39635656250002
792.1675875
685.31715375
92.39517212499999
22.4281716375
12.07376241875
8.81816446875
-7.492445706250001
-67.3711871875
-118.08588025
-126.5712356875
-236.96477887499998
-509.966163625
-730.5062868749999
-395.253486625
-223.94277575
-248.3383369375
-232.134323125
-215.9482765
116.6419696875
203.64397050000002
873.2499693750001
903.6968993749999
456.627616875
198.01712037500005
173.13337324999998
181.192016625
140.3723811875
87.615461375
26.1509943
48.114624025
70.8718204375
-62.192802431249994
-336.8195343125
-195.60638425000002
-78.3834934375
-125.87630275000001
-146.44085881249998
-106.2056255625
77.0202684375
157.15210912499998
737.7440643749999
673.60252375
89.193935375
39.539289475000004
15.997341868749999
10.493237975
-1.641666144375
-70.96274374999999
-113.184671375
-124.3843365
-230.40779112500002
-478.0286026250001
-718.5246275
-374.04159543750006
-203.622074125
-278.38108062500004
-221.70080187500002
-223.94861218749998
117.69933699999999
190.08832931249998
847.733688125
919.3686674999999
450.393905625
178.2778930625
176.20397568750002
170.90803143750003
145.85616112500003
80.43833731250001
11.53105855
48.494863512500004
60.873856543749994
-54.553489687500004
-321.4358901875
-158.1802368125
-85.86743356249998
-122.63015750000001
-132.3336124375
-99.52581406249999
78.3601713125
140.589532875
710.497741875
658.93905625
88.81574631249998
27.5933218
23.295018674999998
6.922952531249999
-18.49813341875
-61.224946974999995
-128.437767
-155.3720855625
-218.17605975000004
-471.52172087499997
-722.14805625
-395.7587814375
-230.6370735
-275.4239273125
-232.571926125
-227.8247451875
109.2139720625
187.30672837499998
871.5036775
949.08203125
453.8803481875
197.43927
191.23409268749998
181.0435676875
163.8155365
87.92384150000001
16.55801058125
56.69641971875001
72.6529455
25.42234659375
-317.7837371875
-143.448104875
-67.8097295625
-106.28708837500001
-131.5280628125
-107.25383756249998
79.67407225
125.3862285625
354.56886293750006
221.5984535
148.5299778125
71.18209837500001
78.34000112499999
76.23095037499999
6.89710975
-52.12770461875
-106.0529231875
-149.628067
-216.8373489375
-318.0503654375
-212.655563375
-185.68696975
-188.0755615
-192.45195387500002
-214.36964037500002
-186.959514625
108.21681025000001
73.0546188125
207.523269625
316.192340875
319.98874662500003
266.992931375
285.1918220625
222.97901156249998
189.1152763125
110.6630801875
72.4797678125
87.06424712500001
11.20061278125
-44.2266559625
-32.03013896875
-12.91460871875
5.263952613125
-55.2399063125
-115.8970928125
-32.12216615625
28.1503677375
27.36451625625
11.66673421875
55.182075499999996
93.2202625
75.648851375
68.4156275
61.07634544375
39.516124725
-4.29657042
-43.16031456249999
-100.27116775000002
-119.75354193749999
-145.27114868750002
-173.75692368749998
-148.269414875
-143.4139919375
-125.3632259375
-160.8973121875
-99.405269625
44.475002287500004
44.33255195625
67.2268438125
184.3574714375
227.8972435
181.135444625
160.5005264375
154.2893600625
127.6563263125
98.48452568749998
59.0758705125
51.9792652125
24.866089818749998
10.449903012499998
-7.72913098125
0.8512459693749999
6.101173758750001
-54.28103446875
-100.392026875
-21.78398609375
87.23285675000001
251.636467
856.077499375
665.6116487500001
64.06484606250001
31.4570212375
5.56319654
1.3318642975000001
-22.36561298125
-84.70969199999999
-119.25969125
-151.50082587500003
-280.2885055625
-490.85163118749995
-801.52969375
-364.422073375
-223.61564637499998
-259.82267381250006
-216.50445937499998
-192.492046375
124.9984264375
196.087551125
845.0949862499999
903.605651875
407.9962539374999
171.4189148125
173.00825118749998
163.45766068749998
137.4163436875
84.1108894375
17.88751125625
44.578847887500004
60.4083681125
-72.441315625
-318.0126953125
-183.93569943750003
-94.76028443749999
-141.15681650000002
-131.59613606249997
-94.360818875
81.21299743750001
130.274515125
659.228210625
676.648711875
94.02580262499998
6.508832575
4.137572348125
5.555475354375
-16.94218993125
-65.18918037499999
-106.950655
-145.12459756249999
-221.4179420625
-439.117240875
-726.15913375
-396.24225618749995
-218.5047721875
-270.046367625
-214.36916350000004
-209.99893187499998
135.4957675625
173.51646425
814.9140931249999
940.9481049999999
389.78305818750005
185.03238675000003
165.70980074999997
165.20160675
142.412567125
74.602208125
7.6709836750000004
31.455445287499998
44.2936277375
-58.188381193750004
-352.25170137500004
-210.5351066875
-130.3633880625
-165.607605
-162.32057568750002
-112.826023125
76.9975805
150.8875274375
704.590225
718.7094118749999
141.62341118749998
33.3898949625
21.2786293
18.74726653125
5.2289700506250005
-55.929317475
-108.14479825
-103.4109401875
-214.55802918749998
-392.2766495000001
-731.38908375
-408.2468414375
-209.444007875
-271.080799125
-243.428382875
-230.31530381250002
122.13016512499999
182.596035
830.549774375
947.9733275
433.602676375
193.61133575
181.72273637499998
182.8768539375
156.276435875
86.23994824999998
23.9371562
54.3625021
60.9797525375
-19.664223193749997
-321.36764524999995
-164.8726463125
-65.028133375
-125.627956375
-143.5688114375
-114.9161625
84.82503893750001
147.11380956250002
704.190445
692.9520418750001
111.921196
25.07582903125
15.104022024999999
5.659950375625
6.107162236875
-54.744949343749994
-108.06726456250001
-115.8863735
-200.82542418749998
-418.99078368749997
-705.7469175
-367.30995181249995
-238.06625368749997
-285.77802656250003
-219.24879075
-215.70819856249997
111.18671418749999
171.53173443750003
816.4589693749999
912.603301875
414.4129180624999
170.19088743749995
166.96317675000003
169.91056443750006
151.84403418749997
80.43518068749998
17.8424429875
45.9835147875
70.19407275
-73.97236349999999
-338.5585021875
-197.4146843125
-85.02091406250001
-138.14751624999997
-124.9011993125
-102.53149031250001
85.07543562500001
132.66358375
682.9662325000002
642.7797700000001
115.4237270625
19.150040150000002
13.593934775000001
-3.4467425943750003
-18.98316383125
-66.497249625
-116.75827025000001
-155.98271368750002
-211.8099975625
-478.78204343749996
-692.3401643750001
-401.7680740625
-208.1546974375
-273.5038948125
-214.06063081250005
-218.33719256250004
113.90702250000001
185.39829256250002
846.5003206250001
928.82141125
490.68531037500003
184.9937820625
171.0087395
179.2747306875
161.212787625
84.12806512499999
10.252771375
36.47373199375
66.50686262500001
-1.7850637437499999
-293.46996306249997
-139.1388511875
-80.546588875
-106.10130312500002
-117.37140656249998
-97.17913625
79.02641775000001
121.2738704375
275.5476379374999
160.1633071875
114.28127287499998
75.64365387500001
85.867900875
49.00999069375
2.535931468125
-36.33049249375
-85.9509468125
-156.0710335
-194.7477340625
-302.18090056249997
-217.73427962499997
-174.53079225000005
-189.87457275
-192.46974943750004
-170.88273999999998
-197.75995256250002
134.76348875
54.143939018750004
164.76179125000002
272.321338625
294.37147137499994
249.44847106249998
241.73826218749997
203.39878081250004
184.6589279375
115.0852394375
64.522461875
94.27762031249999
13.36402654375
-53.05254459375
-53.5746049875
-56.302938462499995
-46.987137793749994
-66.50434018749999
-105.97318650000003
-22.449131012499997
37.20111846875
39.25580263125
-9.451477525000001
70.9501409375
81.62396431250001
52.48888015625
30.69859028125
11.526961325
-7.0351493375
-31.161558624999998
-79.23316481250001
-69.4629001875
-90.0352573125
-134.9782753125
-99.214754125
-84.8280334375
-92.34900475
-81.41469956249999
-100.52124975
-54.76795673125
61.39213561875
84.400987625
124.94894981249999
158.37177275
198.5311508125
158.0200576875
111.397399875
94.1266536875
98.010368375
55.78150749375
50.0222826
34.605622293749995
18.1769847875
9.103068706250001
-3.017495274375
-8.4138149
-2.7371609212499997
-76.3625335625
-96.011314375
-31.759889125
118.4954261875
282.85270693750005
718.6634062500001
628.5837175
78.7049531875
33.280534743749996
16.43021345
9.4740116625
-9.57817196875
-83.6060046875
-127.907981875
-165.673313125
-245.92453
-496.83879850000005
-757.946243125
-390.6705475
-223.95538331249998
-266.57503125
-204.36017987500003
-190.9729766875
140.87001800000002
186.66254043749998
827.9514312499999
934.1605375
402.5799560625
174.35556412500003
162.624073
165.03961562499998
136.6207218125
77.54611493750001
4.55957084875
27.11254596875
42.07947254375
-36.03282213125
-319.3763160625
-201.6680908125
-100.8490085625
-142.80439374999997
-139.694795625
-112.00928687500002
83.86474612500001
144.5307540625
774.15969875
679.55474875
88.32094193750001
25.997827049999998
4.053267240625
-3.2439374925
-15.6334900875
-74.46873662499999
-108.917255375
-136.53295518750002
-206.8834305
-406.94774625
-659.551468125
-397.456550625
-212.61247637499997
-274.6264266875
-226.29613875
-220.99178312499998
129.04271125
193.33305356249997
856.21307375
929.853210625
417.0671844375
179.89513399999998
171.66425706249998
168.9617729375
139.3082523125
68.8160371875
10.623871087500001
33.47010374375
36.7740774125
-36.500992775
-324.78782656249996
-181.1108589375
-110.36888125000002
-139.0009689375
-143.6585521875
-105.09373662499999
81.65012362499999
150.66833493750002
686.9435118749999
666.4768981249999
94.8449039375
37.9341816875
16.320065262500002
7.0039486875
-9.97669100625
-64.91814137499999
-115.37124631249998
-127.59801862500001
-210.32905581250003
-422.5048065
-711.735229375
-413.13194275
-205.6001663125
-272.9228210625
-226.15251543749997
-216.729393
118.23069575
183.55539324999998
825.0694275
934.3516537500001
421.9463348125001
195.49427031250002
181.45500181249997
184.51820374999997
143.1769848125
85.3267765
16.84070825625
34.32733774375
60.469036100000004
-24.77295875625
-347.31601712500003
-188.135604875
-118.8367461875
-137.9068946875
-157.3459339375
-100.3145026875
71.83589456250002
157.7442931875
599.7313308749999
713.6875150000001
110.6481075
17.243797781250002
11.35062933125
3.3014538881249997
-37.0083999625
-77.171702375
-114.5505714375
-133.8840389375
-197.90964125
-402.2985076875
-732.9919431249999
-395.30212400000005
-211.99916837499998
-274.26769256250003
-206.15091324999997
-220.11846543749996
130.04129412499998
178.1401634375
824.955520625
930.5197906249999
469.024086
187.427291875
173.83146287500006
180.05161287500002
145.1973151875
79.4364404375
20.873806475
38.307173250000005
59.1814518
-64.435792
-312.631359125
-160.82244875
-89.5716571875
-108.865728375
-131.16594312499998
-94.71285818749999
79.270825375
145.5107498125
698.2645418750001
651.0491943750001
81.81605337500001
32.22884655
25.21292209375
1.790263950625
-3.225185275
-63.6193704375
-101.32963181250003
-145.05147931250002
-210.94764712499997
-463.5760879375
-727.1728518750001
-395.369339
-214.39115525
-279.452381125
-211.38374331250003
-230.87808606250002
109.32648656249998
168.5263824375
801.825790625
922.9381562499999
457.9131316875001
192.334957125
164.77771756250002
174.215011625
161.22964856250002
96.9180298125
19.0895295125
42.1417188625
47.928047181249994
-17.70345806875
-301.5735816875
-162.70277025
-86.94401743750001
-102.2632885
-117.45996475
-89.8734188125
81.1732864375
125.34825325
275.4511833125
166.754856125
103.74170306250001
81.42257687499999
66.83604718749999
73.97141456249999
6.29893660625
-47.79221534999999
-112.1969604375
-117.20153806250002
-185.9288596875
-292.6335335
-192.0883369375
-173.282127375
-177.060031875
-229.6857643125
-244.56350325
-223.51211550000002
110.6895541875
61.62346363125
172.1741866875
266.70913693750003
335.7361602499999
241.43365862500002
246.884498625
190.682258625
189.2310905625
119.7373104375
93.80109787499998
99.208602875
39.171969887500005
-42.81552791875
-41.23122215000001
-26.795339581249998
-4.6014872193750005
-62.22809791875
-99.14052962500001
-31.51217460625
19.214490650000002
11.551543474999999
-24.328112599999997
35.16408681875
94.42023275
59.6581316
100.030860875
90.616722125
33.61901521875
0.8922167125
-46.39180183125
-115.32476425
-121.85975075
-177.73210525
-179.39496993749998
-158.3666515625
-109.40685275
-130.03593443749998
-141.465597125
-77.2648334375
51.393857
3.456039726875
2.40151584125
154.43306925
254.48820112500002
189.00812149999996
171.787796
126.11267087500002
141.79422381249998
70.6820965
68.4126329375
63.326902374999996
7.26127624375
-24.84056234375
-10.74315905625
12.573291062500001
-0.36574266874999994
-17.482058999999996
-80.00798225
-11.74662709375
44.03047085
245.3912735
825.7360074999999
595.3419113125001
94.7330284375
10.4902434375
6.1798059937500005
-14.14877295625
-22.3279523875
-91.8029880625
-122.7169895
-169.23248293749998
-255.425949125
-507.80700681250005
-826.367645
-408.91315462499995
-209.35939787500004
-262.411785125
-189.0233230625
-193.19124218750002
129.683113125
188.74748231249998
804.3117525
924.155120625
420.5410385
167.148819
157.576475125
168.67765425000002
133.92232893750003
76.5092373125
-3.28459292625
25.152096749999995
44.20601368125
-36.9001412375
-344.8125457500001
-239.93751525
-127.92830468749999
-146.48742675
-149.796285625
-112.746601125
79.78721143749999
148.2578373125
691.275253125
678.2339475000001
103.1121730625
11.84653281875
11.629388331249999
1.18988491625
-8.0573695875
-60.038371087499996
-102.612800625
-127.88702012499999
-214.51107025
-366.81720731250005
-727.757644375
-379.3266678125
-204.94054793749999
-274.788246125
-207.420063
-212.38508225
133.1279659375
173.64629743749998
816.969375625
921.19140625
424.4885635625001
179.71170425
164.9849319375
167.686004625
149.91336825
85.2223015
13.565255406250001
35.94079733125
57.16631889375
-58.94192695625
-327.125244125
-192.3789215
-104.01101112500001
-126.218881625
-135.413036375
-108.64747999999999
78.8105345
133.02160262499999
692.306289375
673.007355
102.50344275
18.477963206250003
9.97038781875
0.367948785625
-26.274852749999997
-70.474877375
-125.74976918749998
-134.740324
-245.565795875
-463.3269500625
-728.1314087499999
-387.9523468125
-211.51910781249998
-261.8717575
-225.27622225000002
-220.4994964375
123.29688075
187.147426625
849.4116212499999
924.877776875
457.4131393125
181.0041809375
173.20491793749997
186.49677275
140.522089
93.10774806250001
21.025712487499998
36.41038418125
66.3470745
-57.0024395
-321.41933443749997
-176.3433646875
-81.89688681250001
-113.168439875
-135.36875725
-113.29923631249999
73.164134
150.66517831250002
660.039749375
718.2740018749998
61.388511656249996
33.396828174999996
10.515772106250001
-1.98519006375
-59.183182718750004
-79.107570625
-116.37062075
-146.1524105
-199.35741425
-437.3460769375001
-738.224105625
-396.144523625
-183.33572387499999
-265.051555625
-210.1039505
-215.67346575000002
137.150354375
188.6559295625
836.10488875
924.9134062500001
451.93439481250005
188.74166487500003
179.17861937499998
164.9486923125
146.092062
76.79477212500001
10.148768425
28.166913987500003
45.02353668125
-53.857145312499995
-335.20095825
-182.14544293749998
-98.09861181250001
-113.8795948125
-136.6892719375
-103.21979525000002
80.52547456249998
142.62435912499998
763.5938262500001
647.4652100000001
94.610900875
33.11239719375
18.0740857125
6.688158512499999
-3.8756746056249995
-63.7370825
-114.91757393750001
-126.14561081250001
-246.96250912500003
-469.7429656875
-732.0876312500001
-373.11157225
-210.071888
-275.07102968749996
-211.3948440625
-221.311512
105.1586628125
179.09446718750002
844.3263243749999
938.655319375
448.2928848125
179.37259675
172.76842118749997
179.28922656249998
147.40863800000002
87.98277856249999
11.92437768125
37.85743951875
55.153870581250004
-57.085008618749995
-309.0239525
-164.53109743749997
-77.948412875
-114.70973012499998
-125.6008529375
-97.82363893750002
80.09701731250001
132.12103843750003
124.31720731249999
175.3279876875
94.68008043749998
59.929637906249994
78.87246131250001
42.708535193749995
-13.59661340625
-63.9041185625
-119.61140631250001
-121.0757923125
-182.53938675
-278.87304306249996
-190.204238875
-145.8332348125
-171.746749875
-184.6565628125
-193.046264625
-183.439025875
114.39913750000001
36.73121690625
178.47642899999997
273.62010956250003
345.5693054375
236.12936018750003
261.61474225
196.0149001875
179.6461486875
117.2284889375
86.1020660625
96.6699981875
16.37238145
-33.0421161625
-33.026201725
-25.784149168749998
-1.6794852912500002
-58.0799675
-104.026451125
-31.57047986875
27.2356176375
23.5882759125
-24.387834075
37.77171611875
111.1670208125
49.88582134375
61.181926725000004
57.49109268125
43.91323089375
-33.7559533125
-22.79486179375
-77.7709818125
-88.86538506249998
-115.9958935
-126.766157125
-148.58875275
-80.9158039375
-168.90132906250003
-107.6706409375
-99.6591281875
9.13647591875
87.22592356249999
42.55709648125
178.25016018750003
230.91726300000002
162.6286315625
164.59587099999996
152.997522375
132.088260625
104.7366619375
86.1015891875
48.04418563749999
28.38059186875
-22.670056818750002
-2.0464886725
-54.933571812500006
-29.8307991
-31.620905399999998
-90.7514571875
-23.908634187500006
54.29521560625
182.50938412500003
813.83483875
633.15712
69.106454875
3.15711081
2.741415500625
-20.50759076875
-18.183288575
-103.66338731249999
-120.67711831250001
-163.0354309375
-210.29029843749998
-511.9950866875
-789.8694612500001
-355.22060393749996
-211.06866837499996
-276.584587125
-184.5331764375
-197.14838025
141.4844226875
185.05680081250003
841.06742875
920.206833125
378.73607637500004
169.286232
172.507782
174.20255662500006
144.78178025000003
82.6045799375
15.84575056875
53.76826763125
57.804675100000004
-36.83537721875
-304.07430650000003
-154.81512068749998
-93.79873275000001
-117.929716125
-126.5244293125
-87.43124962499999
85.5347824375
141.8175506875
708.17695625
700.0744631250001
79.6474409375
8.70124041875
-0.7590617987499999
-4.102116823125001
-25.0202035875
-93.0355739375
-120.4358673125
-153.19945337500002
-239.8004913125
-481.5203094375
-735.28389
-387.221756
-225.119495375
-271.211032875
-210.15762331250002
-214.4530105625
137.996397
190.10503768750002
816.393585
939.769745
425.36548612499996
177.1196746875
185.438938125
178.79238131250003
142.08543775
82.7073288125
16.107804775
47.14093685
65.539636625
-16.765385868750002
-330.9197616875
-182.333984375
-89.56851006249998
-131.2108516875
-149.644060125
-99.372959125
77.497735
147.91131975
673.2681274999999
694.0956118749999
94.77730749999999
18.142160175
13.95384669375
-9.3619722125
-22.8821611375
-75.80280781249999
-116.5151214375
-161.313877125
-201.05770112500005
-448.40194700000006
-754.293365625
-357.22351075
-220.71365356249999
-256.5438270625
-212.1853446875
-210.6843185625
125.98661425000002
185.7964896875
813.571319375
914.0776062499999
424.7553634375
186.818714125
176.39070512499998
175.55585862499998
137.7151203125
76.3581180625
0.9527273474999999
32.15431213125
66.33273599999998
-68.63923075000001
-327.868461625
-201.48025512499999
-100.72798731249998
-118.905763625
-136.83676718750002
-99.16763306249999
79.573850625
139.5904731875
693.247833125
646.489486875
95.74973106249999
18.77153396875
11.70297741875
-20.768384931249997
-20.2530980125
-80.3981495
-117.8230285625
-158.84640693749998
-211.9157409375
-371.50386812499994
-694.51568625
-367.9748535
-186.36173250000002
-261.54556275
-211.14650725000004
-220.26123049999998
131.09125137499998
187.31760025
868.79608125
921.850356875
431.72920225000007
165.50872800000002
158.58308793749998
166.35950087499998
141.6366481875
74.902238875
3.498113453125
26.6569829
64.189968125
-70.3221845625
-318.0916405
-169.7157096875
-90.0859928125
-132.8128051875
-136.7136955
-118.95256043749998
76.64381025
141.8479633125
659.7510531249999
632.8509518750001
104.9832725625
8.84889245
15.82416176875
-7.07091986875
-23.69369506875
-76.0054540625
-112.0751571875
-138.95810125
-165.31387331250002
-416.7457961875
-704.6180725
-368.328781125
-202.57843018749998
-260.694561
-216.3356018125
-208.91069412500002
116.07878687500002
173.79899981249997
804.982605
917.596206875
461.2787246875
174.2537689375
171.13195418749999
174.990291625
143.3493805
77.61560437499999
8.7381142375
38.6844182
83.5059356875
-19.103554487500002
-304.29010393749996
-158.6000346875
-65.484485625
-116.054039
-115.94625475
-100.30614849999999
77.9734706875
114.35611725
218.5590553125
164.83585356249995
86.44779206250001
80.97883224999998
48.6311674125
-4.082576930625
-24.4792318375
-64.3079948125
-99.6016120625
-133.57076643750003
-161.2918090625
-197.8823089375
-189.34204100000002
-114.216508875
-113.4716224375
-157.48460768750002
-176.4290046875
-174.34036256250005
128.717784875
37.76951074375
165.5429268125
258.84574887499997
285.19844056249997
235.09326937499998
200.08125306249997
186.21833800000002
152.1944904375
112.49289512499999
72.1657085625
67.2211695
32.49279260625
-45.40519714375
-35.08592605625
-32.61917114375
-26.16627931875
-68.160977375
-141.89688681250001
-52.439241406250005
43.4354496
16.13853335625
-28.2239580125
37.6848888375
107.52865793749999
56.8243742
92.68417356249998
67.23992349999999
32.20095634375
-7.202026249999999
-51.90678119375
-73.40791225
-97.29826925
-125.7787609375
-150.66699025
-114.20531275
-95.92432975
-126.766157125
-123.06082724999999
-85.2158355625
31.801962850000002
37.1317839625
65.274901375
172.87258149999997
235.25495531250002
191.160812375
169.6201324375
109.0084934375
120.71966168749998
68.073678
42.28858470625
40.922837256250006
-12.27830171875
-4.02947247
-22.83094644375
-27.273592949999998
-0.075323134375
-41.708059312500005
-93.49366187500002
0.19208975125
84.50924875
228.1178474375
770.4277037500001
615.4648589999999
77.452669125
-0.5988031625
12.390813825
-14.44959283125
-36.26619815625
-105.57498931250001
-127.16578481249998
-158.259344125
-248.1929588125
-445.52089693749997
-774.725570625
-330.7366561875
-208.1091499375
-267.538642875
-186.19012831250004
-189.02206418749998
144.65918543749999
185.58218
818.3179475
911.1920168749999
406.26384737499995
185.56373593749998
178.19374087499997
178.69058606250002
134.0625763125
70.89104649999999
10.24457693125
38.802130225
51.8423318875
-80.49269675
-326.4624405
-185.43737412500002
-121.5918731875
-132.3566150625
-137.88766862500003
-96.392650625
79.026103
142.05203056250002
652.8645325
612.5761031875
106.29165649999999
16.068725587499998
16.963778731250002
2.055785805
-10.1845383625
-70.31840325
-102.19332693749999
-125.34053800000001
-166.54245375
-385.26870725000003
-660.2259825
-410.7893753125
-202.17321393749998
-272.48710631250003
-215.202446
-217.59269712499997
119.3263435625
164.87918856250002
760.73547375
910.4616543750001
434.28295137500004
164.51093674999998
163.92568587499997
159.354915625
127.2499275
65.361886
20.65413951875
42.0394516
49.483361243750004
-29.289984699999998
-328.6421585
-182.152290375
-116.56113625
-135.237646125
-154.284706125
-98.8969135
79.9622821875
148.44141006249998
653.460159375
633.0585100000001
107.92749406249999
7.03373134375
20.90358734375
4.476841688125
-1.947370916875
-88.736639
-104.964838
-123.9736843125
-211.14831925000001
-399.6507644375001
-744.46426375
-372.55783081249996
-221.652202625
-261.40319825
-219.62871550000003
-204.43683625
114.11911962500001
182.40789412500004
755.6967162500001
895.4603575
445.948104875
190.41736600000002
179.3242073125
160.05834581250002
128.011350625
88.49522593750001
19.31140184375
46.03346824375001
77.543120375
-25.04872560625
-316.7593193125
-203.385944375
-89.89500999999998
-110.1700115
-141.19794843749997
-98.85278699999999
78.0970144375
141.77185056250002
601.272583
638.2417681249999
88.32015993750002
22.99467086875
24.858367443749998
9.843851325000001
-31.32150173125
-68.265767125
-109.46893693749999
-124.4825076875
-195.97354887499995
-429.8221588125
-655.2825925000001
-360.562706
-198.46771237500002
-262.96606062499995
-224.327507
-213.55527875
109.67473981249998
159.446153625
745.4432681249999
878.14056375
424.282760625
184.0618515
164.82545850000002
155.05661012500002
145.06116868750001
75.7919359375
23.09331655625
46.119503975
57.975020406249996
-40.062928199999995
-307.523098
-191.2042426875
-80.481987
-132.5397205625
-134.63253974999998
-104.66086387499999
80.9394359375
125.21430968749999
633.921241875
605.8485794374999
124.3019295
20.756409168749997
19.25073385
-5.4067200425
-13.71905326875
-69.816823
-101.06253625000001
-135.38782118749998
-187.58714675
-398.26248168750004
-677.9322049999998
-369.3282318125
-216.16580962499998
-259.278926875
-199.542961125
-212.58386612500001
101.68354987500001
164.1347885
730.7595062500001
895.42709375
430.71014406250004
181.7107581875
177.10943225
174.46981431249998
144.946765875
79.380812625
15.15003561875
45.368323325000006
70.2485943125
-47.787170412500004
-302.71375656250007
-191.001186375
-89.8140144375
-122.579422
-122.08808900000001
-92.06662175
83.19566725
124.4930744375
220.8082008125
181.23407362500004
94.88792418749998
86.2772941875
41.684422493750006
20.72930574375
-19.335511925
-73.9364338125
-99.2834568125
-118.04301262499999
-169.03528212499998
-220.102005
-166.71089175000003
-123.5447501875
-129.06619075
-117.1778965
-137.73638725
-129.16373249999998
125.399313
44.444589612499996
184.41703793749997
242.08572387499999
308.649787875
194.44761274999996
218.9336204375
158.382968875
132.962513
83.90808106249999
69.37985418750002
73.95014287499998
22.51610279375
-46.18584633125
-57.193899156250005
-41.94600581875
-33.82055998125
-90.739164375
-111.30915643750001
-38.55078935625
52.574758531250005
56.64615154375
34.0805673625
50.32956599999999
81.883020375
64.06768325
50.62644481875
49.50447559375
16.36812686875
-32.065122125
-62.353372575
-100.5685234375
-96.949071875
-130.39585112499998
-134.5633601875
-132.27136612500001
-101.953020125
-133.761129375
-151.618146875
-84.9280929375
81.72906875000001
67.183508875
50.719575881249995
175.417976375
210.15815737500003
189.7137641875
167.25109099999997
127.46581074999997
106.1526775625
71.2695550625
49.53189373125
46.422686575
29.32024001875
-13.543351887499998
-22.1880221375
-11.414921281249999
-50.5449771875
-84.227972
-118.0997466875
-39.65290308125
124.23983575
289.7150039375
684.0889737499999
539.5936584375
91.05196000000001
49.29111480625
35.506980418750004
7.747252581250001
-5.6210285424999995
-75.067067125
-102.298746125
-137.008056625
-180.97391131250004
-377.72392274999993
-648.00109875
-368.4990691875001
-219.15676118749997
-257.05453875
-207.610015875
-188.84243012499996
113.67916106249999
160.4428481875
716.0411068750001
856.4877318750001
380.764122
175.6677436875
171.0189819375
151.561498625
124.81532093749999
87.05511093749999
23.766970637500002
42.666773793750004
45.93308925625
-62.3596763625
-331.62601468750006
-224.6896934375
-102.6971054375
-148.97064206250002
-148.72774125
-91.66242599999998
80.1022148125
145.3599453125
670.2001956250001
611.20815275
109.49415206250002
22.7318286875
25.064640043750003
-0.43712630875
-13.339128493750001
-70.1114988125
-95.68528175
-114.9257755
-155.0015354375
-363.166008
-606.40346525
-368.6780548125
-235.14787675000002
-268.4130478125
-203.2378959375
-216.33277893750002
119.90261075
178.53143693750002
745.16502375
852.1153256250001
424.27459718750004
167.56135937500002
157.21261981249998
153.073473
127.7043915
64.748587625
14.35205101875
40.427565574999996
71.5183735
-30.225377081250002
-298.95469662500005
-198.29193112500002
-102.706089
-132.71668431249998
-135.03263475
-92.57733343749999
86.5220165
136.4169788125
590.056686375
573.21552275
103.89408112500001
17.50380396875
33.0562996875
6.410660743749999
-21.060853006250003
-87.99065587499999
-111.12289431250002
-140.85583687500002
-196.57857893750003
-420.33477781249996
-669.0545656250001
-341.539688125
-202.05163956250001
-240.04316331249998
-202.760105125
-201.16201399999997
126.63899418749999
177.3590469375
700.2884675
836.222610625
455.4328155625
198.91941068750003
174.54292300000003
176.1786079375
136.772317875
72.57825375
15.41382431875
30.356011393750002
54.01472568749999
-83.082208625
-339.0663146875
-259.13507462499996
-123.090448375
-120.4503631875
-153.91818043749998
-91.1359500625
76.00860593750001
143.0422591875
461.0931015
591.4695740000001
110.724535
15.86812615625
19.26239490625
2.99228251
-29.617278575
-83.17439081250001
-105.4262351875
-113.46910475
-178.8210678125
-321.51435850000007
-647.0090487499999
-352.9211807500001
-170.36304475000003
-252.67074587499997
-200.0021553125
-209.60891725000005
130.9209060625
154.0600776875
705.702133125
841.7987825
401.70631406250004
175.01394268750002
170.266208625
166.5274810625
135.9089374375
60.580129625000005
17.75057435
38.46412181875
40.4259920125
-107.981700875
-305.8045959375
-193.49119187499997
-101.22547150000001
-125.0527954375
-128.121976875
-86.40966412499999
88.0343055625
130.62402725
611.583366375
523.6897659374999
126.17507937500001
22.21670150625
29.61239338125
3.693670034375
-4.544128179375001
-78.70290756249999
-108.5639571875
-122.9733658125
-187.37339018750004
-404.80621337499997
-628.4296037500001
-300.217762
-213.8635063125
-240.55097581249998
-197.51766206250005
-207.0323371875
113.59563824999998
163.199234
697.1038056250001
822.581405625
435.8705520625
173.81002425000003
159.18173787499998
162.957820875
141.99120518750001
64.28577424999999
17.088739874999998
32.6499009125
57.5192976
-108.5275554375
-326.4985275
-253.50458143750004
-101.684656125
-124.82808112500001
-121.47542
-95.4998111875
87.1009635625
110.09295462499999
290.045909875
127.14403149999998
113.53449818749999
72.15184212500002
55.67435264375
31.52304649375
-20.879321100000002
-73.8418865
-112.49573706250001
-145.061798125
-192.57202149999998
-192.45273587499997
-149.98002050000002
-118.854703875
-110.12841225
-139.23607825
-161.43331525000002
-141.3597011875
97.9170799375
89.8912334375
108.79481312499999
238.51150512499999
285.0541115
212.55195618749997
234.9122238125
158.1705475
157.8304863125
91.64604187500001
53.559474943750004
29.565749168750003
-5.4358720781250005
-51.3180637375
-46.91528320625
-34.04763221875
-30.853648187500006
-61.585645675
-103.7051486875
-23.569681643750002
37.61586904375
49.56167698125
28.47876310625
47.557578087500005
113.4082794375
66.95218087500001
43.0630874625
44.554109575
23.7590909
-29.79408264375
-60.4488658875
-79.51271056249999
-118.56523512499999
-153.16581724999998
-133.75970837500003
-121.5422344375
-99.6466731875
-87.8392219375
-98.82536887499998
-71.43690106250001
86.9605636875
63.122205750000006
98.759508125
167.79645918749998
212.395172125
174.45091250000002
121.5885639375
122.074852
109.01557925
83.5057830625
65.9346914375
31.519107818749998
11.905467512500001
-13.108116387499999
-19.57408785625
-26.53280973125
-33.14738035
-59.81444835625
-93.30471993750001
-43.229966162500006
106.06443406250001
214.3537330625
750.1626587499999
490.3351593125
109.386844625
26.48254394375
17.87521958125
-6.66783094375
-27.60277748125
-94.068822875
-111.6582011875
-140.4267501875
-177.5725555625
-363.28411100000005
-695.0621793749999
-342.6007461249999
-177.813110375
-246.01205825
-193.9701461875
-176.57302856249999
132.830305125
183.711872125
696.00235
858.04031375
378.77468106250006
163.8886451875
161.850509625
149.9689960625
130.1572704375
58.4014320375
21.940147875000005
45.85209369375
46.353826524999995
-75.26089193749999
-312.12968825
-199.52224731249999
-107.2442340625
-132.413663875
-124.81343268750001
-79.971423125
84.6135711875
126.8528270625
575.4373931875001
580.8969116250001
95.3936004375
9.77640748125
9.645458462499999
-7.796417475
-21.374278068749998
-72.43516924999999
-93.404312125
-122.419796
-192.90224075
-368.4738540625
-629.7642900000001
-366.995201125
-201.57148362499998
-254.107246375
-219.278965
-208.91643525
121.6678238125
155.9341716875
730.8057406249999
868.3316037500001
387.6177215625
148.0192565625
154.7266388125
153.0849743125
135.0989723125
83.29667093750001
10.83266496875
27.66360283125
68.3321094375
-36.94694280625
-313.5815620625
-172.04498293749998
-92.765007
-134.4239044375
-144.84182356249997
-99.39517975
82.82567025
129.2836570625
587.346954375
619.5890426875001
101.2147521875
12.28224039375
30.902655125000003
18.66768836875
-13.655706643750001
-65.22904875
-107.134714125
-141.5871715625
-213.56952668749997
-366.83116912500003
-667.70439125
-347.91030881250003
-219.24539568750004
-246.211948375
-201.9939613125
-209.80384825
122.4752616875
167.24493025
711.6522218750001
860.7686612499999
410.833969125
177.0974540625
165.21657943749997
154.71939087500002
133.81092068750002
71.91594599999999
11.2701058375
24.39555645
45.14802455625001
-49.268422125
-323.838729875
-240.67916868749995
-106.3327884375
-120.331544875
-140.75293543749999
-88.22230337500001
80.0029373125
124.8014545625
594.5786285625001
594.217453
114.63803293749999
0.146391615
17.52649545625
-6.09093129625
-11.1308050125
-80.2963543125
-103.68371012499999
-120.4933834375
-209.55266949999998
-381.342430125
-662.6633456249999
-345.91281893749994
-198.23417662500003
-259.442749
-197.57352831250003
-215.72687149999996
128.467702875
157.1399784375
733.87344375
855.858154375
414.65797425
156.57930375
165.02368925
159.68567850000002
136.3136005625
70.986065875
19.316287043750002
31.64690494375
62.735819812500004
-70.13671400000001
-330.07450106249996
-184.9696731875
-105.33514975
-121.2005996875
-133.10527800000003
-76.54438018749998
87.40303993750001
124.0852546875
533.1190490625
543.2741165
127.14088437499998
14.2809832125
28.583238125
12.583533525
-12.11473345625
-66.7233753125
-97.36948968749999
-146.474742875
-192.00380325
-338.739395125
-665.5378725
-377.22236631250007
-212.0090103125
-267.9809570625
-193.94927981249998
-213.77140043749995
97.849321375
156.18314743750003
691.3388825
879.19448875
420.98194125
164.65826037499997
166.7807006875
174.46161268750004
158.28857425
81.8010806875
24.085755350000003
54.917025568750006
67.4685716875
-21.53249025625
-302.4079704375
-188.31729887499995
-77.0322465625
-94.665737125
-119.65616225
-99.4815349375
87.065506
103.3518505
265.4741859375
171.01629256250004
88.758859625
62.692012812499996
36.3207221
34.5065045375
-25.584337712499998
-59.652771949999995
-124.43491937499999
-116.97005275000001
-181.26228331250002
-279.170703875
-168.8824271875
-139.57897187499998
-149.88925931250003
-186.6687774375
-164.8034668125
-165.4906845
118.075161
47.476739881250005
169.67796324999998
283.5725403125
297.1874236875
216.898326875
225.59972762499999
181.7567825625
173.24983593750002
102.84255025
84.94842531249999
61.510953906249995
17.4190270875
-26.772332193750003
-24.663915631250003
-17.932263612499998
-34.488067625
-57.68696308125
-113.624477375
-20.34859180625
37.1417117125
85.66950800000001
-21.667063237500003
29.37003374375
88.521232625
51.09382629375
78.857493375
68.0724191875
25.416989325000003
-20.68092823125
-65.70635793749999
-84.1417694375
-106.622104625
-135.15838625
-134.40546987500002
-113.301591875
-91.43772125
-122.10321425000001
-87.8138541875
-69.10298825
44.979100225
40.60909748125
57.58012295
154.3150425
202.016487125
176.506538375
145.8277988125
109.19317243750001
128.57517243750002
67.6633405625
48.46318721875
55.04797458749999
18.28413963125
-11.2734150875
-14.555329087499999
1.87267810125
-21.3924002625
-29.60750818125
-74.9036598125
-8.7880671
71.80138587500001
218.96389006250004
693.47030625
540.5942916875001
81.72165868750001
35.588448050000004
18.5231876375
-7.73606419375
-28.678731918749996
-87.5454998125
-127.56808281250001
-146.1640739375
-217.32843399999996
-411.49982450000005
-742.951355
-363.1016540625
-193.74687193750003
-244.8691368125
-206.247119875
-186.819095625
125.2499294375
177.795372
757.0935056249999
863.857879375
375.20549775
161.90393450000002
166.10185625
159.639186875
129.9004173125
65.5246686875
25.5638527875
39.6839475625
53.06798458125
-56.509528162500004
-305.67798612499996
-187.55231856249998
-96.0064315625
-131.9965458125
-123.5283660625
-85.58756831250001
87.7897453125
130.9354019375
621.2737274375
598.9868926875
97.9520606875
18.46251964375
15.16847253125
-4.103062450625
-21.400280000000002
-79.9767828125
-112.48769762499998
-145.27453425
-191.0910034375
-379.3075943125
-633.0788037499999
-415.537948625
-200.7972145
-258.6602783125
-210.01083375000002
-213.68669512499997
106.913309125
173.75991818750003
753.2184599999999
886.2291718749999
421.889305125
171.70097350000003
173.22998049999998
169.282436375
141.80888175
62.67121312500001
8.0093073875
39.80827808125
65.5842304375
-4.831711351875
-303.92980575
-166.93332675
-95.33277512499998
-116.7180824375
-133.942976
-94.2355441875
89.2765140625
124.11030768750001
211.22451781249998
163.29645156249998
113.20389750000001
71.54011725
74.06911375
32.27596283125
-8.197142481250001
-59.05034541875
-110.97130775
-161.3821029375
-171.12604143750002
-248.746147125
-177.2294998125
-145.20504
-154.90367887499997
-129.04224393750002
-143.0714130625
-116.81089399999999
118.07011606249999
68.5836076875
149.67289925
203.71110918749997
271.99924468750004
213.36444856249997
191.7325210625
143.889093375
126.95572849999999
80.107097625
39.95703220625
55.873222350000006
-15.5107355125
-50.525908468749996
-74.06249525000001
-55.14567375
-76.45314218749999
-43.549852368749995
-67.951712625
50.4811573
61.14363193749999
97.23350525000001
579.5409393125
513.3571243125
102.457590125
39.0607190125
16.334404943750002
-4.441386163125
-50.9553146375
-84.06330106249999
-125.576429375
-169.21121600000004
-197.31052399999996
-387.5458908125
-729.473343125
-360.1776504375
-210.87491987500002
-221.3070869375
-236.22352600000002
-193.1552315
127.31422425000002
202.26987837499996
867.6875306249999
881.82479875
413.4575271875
172.5328445625
163.45655443749996
178.87590406249998
143.5814953125
68.8883638125
14.163743256250001
46.533150675
47.12565421875
-66.119217875
-328.87096406250004
-159.4745159375
-83.794937125
-139.7151184375
-133.5720253125
-87.3653793125
90.85120199999999
137.861976625
644.5257568750001
622.097396875
90.39484974999999
33.47530365
21.42502069375
8.3607107375
-9.75340068125
-74.93738175
-128.938398375
-132.29279518750002
-210.5533790625
-384.5715713750001
-681.0485837499999
-352.9776001250001
-220.06196975
-275.298652625
-215.04896162500003
-217.7093124375
110.99226
180.58799743749998
805.2404025
901.524505625
450.1531219375
182.69815443750002
185.0171089375
183.1174850625
136.6782379375
67.3867893125
19.2081868625
46.95073604375
68.85779381249999
-31.768715381249997
-295.21335600000003
-149.0965556875
-95.467186
-111.530084625
-124.64717862500001
-93.22403906250001
87.4832535
123.8466739375
349.72419737499996
165.69938662499996
118.71398925000001
74.31651593749999
59.56137656875
8.64592969375
-22.42612361875
-55.024495125
-117.59800912499999
-124.5932865
-147.49357225
-213.69638443750003
-182.22091675000001
-139.76932524999998
-125.904512375
-160.4825591875
-230.72792056249997
-185.16395568750002
118.093757625
89.412660625
127.2176265625
276.747131375
304.6573448125
212.7924346875
222.4213409375
161.72239306249998
170.05159375000002
100.67394256249999
78.74687193749999
72.7482795625
49.6956205375
-25.2266311625
-56.97249889375
-27.7428650875
-5.1846897599999995
-55.4888820625
-134.58810806250003
-38.89793873125
38.91432761875
50.66883086875001
1.4464248718750001
38.604683875
141.33189199999998
55.340127943750005
71.17547987500001
47.06009865
47.004470825
-27.489793300000002
-74.91563318749999
-100.6332874375
-116.1738014375
-139.922494875
-132.75671006250002
-119.88606449999999
-97.14652062500001
-124.799404125
-133.63049506250002
-70.0137996875
37.289836406250004
120.16829493750001
86.1217594375
161.8024444375
240.134086625
175.75912475
171.14078518750003
136.5493393125
126.20926856249997
74.1661835
39.86610889375
35.966796875
0.9079746900000001
-5.3008264306249995
-25.472929475
7.79137491875
-24.406745431250002
-44.86784935
-87.1075820625
6.476843956250001
80.020275125
257.77515412500003
786.3226318750001
611.9958877500001
61.239442825
32.44740963125
19.6062338375
9.8540937875
-24.40989494375
-86.000738125
-125.49654006249997
-150.861291875
-262.5436783125
-427.28553774999995
-741.033554375
-365.7686615
-215.977897625
-263.597812625
-213.293933875
-194.74245068750002
129.2239284375
193.4822845625
822.8569031249999
893.660965
375.8668518125
163.14470293749997
168.52384568750006
165.7348441875
131.07123375
87.8470993125
20.346858500000003
22.7682304375
45.536775587499996
-39.88186598125
-318.71999737500005
-178.89661787500003
-88.79195212500001
-137.1774578125
-134.959678625
-92.42070199999999
85.0626659375
134.998283375
700.1393887500001
699.44656375
81.00089075000001
18.65602731875
0.32193549
-4.575328826874999
-27.4132084875
-74.932022125
-111.68828962500001
-134.382143
-242.20949175
-399.92504118749997
-714.5582581250001
-364.98313906249996
-210.38114550000003
-261.30525587499994
-222.84208300000003
-207.33953475000004
126.1706638125
183.143787375
822.3012543750001
917.9665375000001
410.0419616875
172.16741562500002
167.2521781875
159.5306205625
135.79359056250001
74.20447825
6.06666386125
38.35523366875
66.826748875
-43.9064550375
-302.1350479375
-169.99856949999997
-80.321884125
-139.262390125
-141.43391606249997
-105.6575584375
84.93108749999999
153.68693349999998
766.0482787500001
664.69451875
79.59937575000001
16.5833807
17.4502277375
10.932569506250001
-7.9897677875
-80.9151649375
-115.800027875
-130.049018875
-221.7632865625
-454.0102005
-683.0572512499999
-362.222175625
-231.62542343750002
-254.59054949999998
-231.819877625
-207.40257262499998
119.47872162499999
203.19187162500003
812.42401125
904.196090625
427.4189376875
174.211387625
180.4873085
185.73062893750003
136.79910662499998
73.7884664375
28.5044479375
41.04417324375
57.66647815625
-27.031393050000002
-330.607643125
-182.0572853125
-87.04344749999998
-125.68295481249999
-140.9237575625
-94.2851829375
81.03178025000003
132.11488725
699.350280625
659.304046875
97.4673461875
18.8019466375
-7.66310453125
-7.96234905625
-14.77609873125
-85.181646375
-114.914894125
-131.712904
-229.78425981249998
-383.726615875
-737.020035
-364.3297958124999
-208.4659958125
-256.87065125
-204.39153668749998
-203.5435104375
130.83802225
181.7662239375
765.38406375
902.2647856250001
393.85082243749997
184.39418793749996
167.610206625
158.02967068750002
127.98645975
70.90649125
15.2173221125
25.820708275
55.214538575
-87.0804786875
-326.42559049999994
-232.5275611875
-119.00850293749998
-151.1063289375
-148.12948225
-96.4342594375
80.44715881249999
128.53640556250002
673.1027987499999
605.2120971875
116.61502837500001
47.179226875
47.9011011125
26.6842460625
0.803814455625
-53.83918285625
-92.42732050000001
-113.041906375
-181.86243056249998
-359.665145875
-648.8565062499999
-383.6948013125
-225.00139237500002
-259.7236251875
-197.3853874375
-217.0440864375
101.66810987500001
154.72585675000002
707.97287
852.0697787500001
365.32207487499994
193.99868012499996
167.9950141875
167.2480964375
149.973402
93.300943375
28.33158493125
38.308746812500004
56.068305968749996
-99.63217737500001
-320.83541868749995
-224.4487571875
-93.894538875
-114.19397356249999
-118.15095900000001
-89.8601818125
78.38475224999999
123.49039074999999
275.74901581250003
141.51657106250002
120.19791599999999
73.39120862499999
72.419571875
75.030665375
3.4109720587499996
-33.60703945
-75.35433768749999
-102.46546743750001
-182.0747756875
-275.6582450625
-172.63534543749998
-167.60879518750002
-177.760944375
-194.4706344375
-232.9247474375
-171.638031
98.2202625
85.1368904375
132.6883220625
275.96616743749996
313.630085
246.12054824999998
264.0873336875
192.7739715625
181.35652543749998
125.8559799375
103.545827875
83.2675170625
15.629866125
-21.65130376875
-26.955125331250002
-28.09852361875
-48.337597849999995
-49.6480321875
-129.7133731875
-41.95010185
45.949478150000004
28.14453601875
15.00742554375
34.41936493125
107.8729725
87.28469849999999
44.8284530625
56.941452025
24.197793006250002
-31.72632455625
-85.24183275
-123.0967521875
-116.23856543749997
-141.9840335625
-145.5517959375
-81.7252826875
-110.42087556250002
-139.203929875
-111.21035574999999
-48.96208763125
57.424750325
110.021572125
244.6139335625
160.93387606250002
253.09503556249996
172.943019875
166.29678724999997
142.9678821875
141.5108966875
77.191557875
49.952950475
28.92833948125
-8.88954818125
-17.38735318125
-9.1257602
9.2598605125
-38.11697244375
-58.71564388125
-117.68830300000002
-29.775960443749998
55.2670097375
288.375721
759.452438125
568.881759625
95.47443387499999
33.12295436875
7.77262270625
5.24078846
-25.209455487499998
-72.713456125
-120.9437465625
-161.2674713125
-198.64837643750002
-459.52587125
-796.68228125
-336.16630556249993
-219.93764875
-268.553295125
-215.3755569375
-184.29216387499997
131.45809175000002
188.1917
815.63377375
916.60553
392.21103668750004
189.24953462499997
174.61116793749997
164.3071746875
134.29626462500002
69.57415106250001
11.02191805625
39.77219105
38.622961043749996
-102.1878051875
-316.98732375
-191.89136506250003
-99.25415037500001
-146.14847181250002
-143.0694389375
-97.22720143750001
85.91611862500001
138.592996625
723.7215424999999
667.0334624999999
96.4539528125
3.7382650374999997
10.87489605
5.16987741
-31.15210533125
-79.41832062499999
-104.94592668749999
-106.7768478125
-182.64268875
-403.381080625
-651.769714375
-366.45004274999997
-225.031566625
-280.4245758125
-210.69038393750003
-204.40925600000003
140.83708762499998
182.96840668749996
810.600815
914.34028625
399.223327625
168.19767000000002
169.90850449999996
163.3486175625
127.88056375
71.251587875
35.36594629375
38.1752777125
50.2509307875
-71.688714
-349.80930331249994
-201.803913125
-134.28633687500002
-169.68671799999998
-147.8421401875
-122.3859119375
84.6195506875
136.6683101875
652.81662
710.2352143749999
130.770578375
22.136964799999998
16.2261474125
11.9229590875
-13.11016559375
-58.789548875
-109.095163375
-110.0500965
-207.9204559375
-380.83740237499995
-748.9665225
-360.81081387500006
-214.46151731249998
-256.98173525000004
-210.51477431249998
-197.443676
132.82526018750002
176.80498125
785.9411618749999
907.1186068750001
442.3141479375
181.3432884375
172.188377375
171.7688941875
136.8478011875
77.873721125
15.858514306250001
37.380917075
77.48922825
-105.39691925000001
-352.16087343749996
-244.46100237500002
-128.02427293749997
-166.415367125
-157.786293
-119.64307787500002
73.80075931249999
135.5685615625
694.6033475
746.1170962499999
147.68109318749998
18.1366443625
21.00396633125
7.72188186875
-4.0770617125
-60.5922603625
-90.9369278125
-125.144186
-180.7113838125
-307.33179093750005
-705.01953125
-371.74961087500003
-215.22403718750002
-268.2830429375
-214.42691800000003
-225.23193362499998
126.28427506249999
180.002594
799.369964375
935.9433743750001
413.6883545
166.6677284375
160.40912631249998
155.32340050000002
146.457481375
96.7569828125
5.0263220068750005
33.07032346875
63.5248231875
-56.0958814625
-315.93406675
-163.2329559375
-98.47365381249999
-122.7275466875
-135.391922
-107.7146053125
80.45346262500001
135.8501625
673.736114375
667.178115625
99.25099375
23.96410226875
22.747271062500005
2.04900994875
-11.0822713375
-57.30515003125
-116.201849
-150.93913081250003
-199.0217590625
-469.246101375
-668.5478975
-419.5070648125
-210.86585999999997
-262.57677081250006
-204.26294324999998
-227.30899812500002
108.575620625
170.85399625000002
809.17800875
940.1313781250001
445.40554043750006
187.72998812499998
181.8642425625
183.447914125
157.238464375
86.5314674375
8.080691100000001
43.91591071875
65.22904875
-12.778459787500001
-301.22257231249995
-165.43939587500003
-86.5639305
-96.30645750000001
-118.21572306250002
-109.12526131249999
80.939283375
124.58762168749999
397.30258943750005
221.13706587499996
132.79673574999998
88.964815125
59.86834049375
68.1571960625
7.369533775
-55.37747383125
-99.8037815
-131.2934208125
-199.7722435
-311.6398620625001
-216.927719125
-156.75500868749998
-187.6025963125
-200.95401762499995
-200.54525375
-186.7640304375
91.631383875
76.828179375
193.69218825000002
285.6803321875
324.6300888125
247.555637375
234.0902900625
249.3468475625
176.4247513125
114.427661875
87.8458404375
77.161774625
28.741607668750003
-21.473395824999997
-7.7456766375
-25.1773095125
-42.233428956249995
-63.7197494375
-153.3521556875
-32.463798525
59.026079175
76.1609888125
17.5030171875
31.115074156250003
79.86789224999998
68.5590219375
54.98573303125
52.03567981875
30.610818862500004
-32.79613495
-53.358564375
-82.89184568750001
-120.442009
-132.5625705625
-148.68180275
-123.6809063125
-133.75813481249997
-170.57956693750003
-146.573305125
-97.2615528125
62.4200296375
58.17893028125
53.3027792
188.74086381250004
237.2711944375
178.873844125
174.39496993749998
124.955883
125.3566074375
88.00878525
79.27760125
68.81130693749999
34.4168424625
-4.382766485
2.38686099625
-17.34417676875
-64.37181475
-72.003245375
-94.0007495625
-19.59536075625
89.33638574999998
225.3080368125
728.1272887499999
551.0695648125001
62.11716175
20.0628995875
12.86103129375
-7.624024749999999
-12.92658448125
-83.65989687500002
-126.67508124999999
-150.45173643750002
-242.82863618749997
-507.3815918125
-722.0075224999999
-372.5820923125001
-221.1903190625
-264.52871324999995
-209.6411514375
-184.75410462499997
134.532003375
202.47615812499998
837.16323875
924.5825193750001
394.1317748749999
168.808918
171.0462379375
167.94883725000003
139.1076469375
76.88553812500001
14.041934012499999
44.65590476875
38.19371461875
-77.2255945
-335.4492950625
-188.89175412500003
-128.6739730625
-154.1698360625
-158.6296558125
-107.6619720625
78.6609888125
162.3739815
754.5092012500002
716.122741875
93.47585675000002
10.481261012500001
13.97921800625
13.412560225
9.05674040625
-65.6434821875
-102.421188375
-99.0540218125
-184.934845
-430.9184646875
-655.33012375
-392.86342618749995
-237.8539085625
-285.3936958125
-214.48766706249998
-211.4433098125
124.10368918749998
186.6677475
825.302505625
927.5754549999999
420.382347125
167.37588881249997
174.93751525
167.94143675
142.3153400625
78.31840993750001
17.86828636875
40.66708565
45.90362071875
-39.61886644375
-305.2287292500001
-176.633453375
-98.65629193749999
-141.9676399375
-133.00568581250002
-110.190343875
80.32771112500001
142.43620875
739.448013125
684.5571137500001
93.3039379375
18.393499849999998
17.2343432875
-2.0031541587499997
8.81784915625
-70.992527
-105.9873771875
-152.18030931250001
-239.23257825000002
-518.4316635
-748.71528625
-364.2754363750001
-234.15237425
-261.034927375
-230.41694643750003
-214.79984281249997
120.92971800000001
191.298236875
818.856735
923.8124087499999
444.09812924999994
190.766716
178.03159712499996
169.937667875
145.4288005625
91.84852599999999
11.336920262500001
43.660788537500004
83.4621334375
-41.47027015625
-337.29778287500005
-182.72163393750003
-98.00264356249998
-124.5587825625
-148.8051128125
-115.83752631249999
70.7222795625
139.9113083125
763.66752625
683.6420443750001
117.32965468750001
20.528862475
-1.694770604375
2.7675735949999996
-11.269003150000001
-74.10283562500001
-108.69301793749999
-140.3566265
-216.60562512500002
-417.4742889375
-721.9313050000001
-347.6752090625
-191.09691618749997
-266.14940643750003
-221.69347762499999
-219.28045275
121.86605456250001
194.30185318750003
835.643844375
912.986831875
408.7376785000001
178.8593483125
169.9685478125
166.539917
156.6494274375
80.765314125
13.56494069375
44.83980178750001
56.026701925
-92.63673781249999
-315.239925375
-164.373989125
-85.284853
-140.551319125
-119.64922906250001
-108.76724243749999
83.474578875
132.1452999375
804.0954587499999
621.991500875
109.5921706875
23.76555204375
22.549824712499998
5.607161521875001
1.0850943625
-62.573514
-106.408424375
-135.54398537499998
-216.549682625
-433.80657193750005
-696.4570618749999
-397.96401975000003
-228.102321625
-264.160442375
-224.1685104375
-223.38359831250003
100.955534
180.457687375
805.5857850000001
935.1596068750001
425.10406493749997
184.38394543750002
177.67578125
175.4130935625
153.7839985
83.49206925000001
12.57612705
36.024312975
59.8814201375
-33.85869503125
-309.137344375
-159.3327808125
-89.17266843750001
-116.174116125
-117.248973875
-107.60933874999999
77.583146125
115.05924225
132.1241855625
210.30202862500002
121.499528875
96.04219437500001
112.73635862500001
82.9328250625
17.991986275000002
-30.647218225000003
-75.5153846875
-118.8269710625
-171.51739118749998
-275.727748875
-211.88816068750003
-186.2239265625
-213.83001324999998
-223.34003449999997
-255.4777908125
-231.404724125
112.34792706250002
62.91357037499999
191.0043525625
287.9527855
309.98968125
275.279274
260.7571983125
218.26786043750002
182.48779299999998
137.2382831875
101.4055824375
105.06237981249998
48.799781800000005
-6.937764881250001
-35.519428256249995
-39.05283928125
-39.70994710625
-58.031120300000005
-144.974269875
-52.27236270625
47.66898631875
43.69734764375
24.8476529125
68.04941174999999
105.73997500000002
70.5248308125
39.82860565
58.0095291125
5.96171557875
-32.973885537499996
-37.522108556250004
-77.05052375
-107.6663875625
-146.58040043749997
-134.7466278125
-131.3145446875
-144.26184656249998
-131.10795018750002
-130.1982498125
-102.06868168749999
85.5672359375
57.802309987499996
89.973011
173.659381875
231.3887405625
191.03885649999998
148.99215700000002
148.63066675000002
125.92058181250002
102.04945562500001
92.05795287500001
57.22399235
28.293135168750002
6.67224288125
-8.60432863125
-29.17290210625
-37.43937969375
-80.5365085625
-105.73036193749999
-50.49691200000001
78.8396835625
193.8696098125
812.961044375
621.8046188125
68.4865379375
19.972606900000002
-3.6248075962499997
-2.7541795374999998
-20.503335
-81.51176450000001
-125.8369064375
-143.092527375
-220.06614687500002
-445.91659543750006
-727.5223543750001
-374.60826875000004
-215.0217819375
-273.97325518750006
-206.51445387500002
-193.903656
136.164217
192.6932906875
853.35105875
909.77424625
404.50572968750004
187.31367112499998
170.16788481249995
176.16315843750002
145.53123475
85.164785375
23.30274105
31.707887650000004
48.50888729375
-63.48621368750001
-318.44226837499997
-168.52502825000002
-106.9624805625
-129.114255875
-132.6134681875
-98.1687355
80.66603662499999
137.8153419375
780.65292375
702.093124375
85.6444549375
9.339280725
-1.553736626875
6.90924286875
-11.944705249999998
-70.7600975
-111.62195206250001
-131.31092068750002
-205.85655212499998
-448.05675506250003
-698.0133818749999
-370.66421506250003
-225.08476256250003
-268.5975646875
-214.0025520625
-219.32788850000003
130.26506425000002
189.5992088125
879.42520125
923.4756468749999
403.0700301874999
173.96366118749998
160.78638074999998
155.6590461875
142.78398512500002
78.96842956249999
15.604496000000001
37.723181249999996
62.61511325
-44.78638171874999
-314.58101275
-176.096897125
-89.90414618750002
-129.3406963125
-141.3043880625
-113.332796125
77.608985875
132.8424358125
793.891830625
671.934661875
113.56317518750001
14.42233205
5.51938951
1.9213703275
-4.474005103125
-76.44195081250001
-129.594087625
-151.690549875
-225.90810774999997
-450.54477693750005
-762.3306274999999
-343.372192375
-241.57209393750003
-275.6083679375
-221.687641125
-220.66045762499996
121.997480375
188.6463165
837.136764375
942.3007962500001
434.12521362499996
194.30706025
186.90521237500002
177.62676237500003
148.497352625
89.263429625
16.9483363625
39.88234043125
78.79240987499999
-60.9682464625
-314.59251406249996
-166.25635149999997
-98.69095800000002
-127.98235893750001
-137.153978375
-111.0084915
76.2255955
139.1626453125
799.91737375
659.9786374999999
134.2915344375
17.6166319875
5.80460906
10.8159613625
-3.87646257875
-62.995510125
-113.67064475
-145.9995555625
-210.144214625
-436.0069275
-690.432663125
-364.738082875
-210.845851875
-258.2081031875
-241.07831956249998
-213.6617088125
108.7163353125
198.28357693750002
825.02388
905.975494375
408.758010875
178.820896125
172.63101575000002
170.37084581250002
145.5944251875
70.8059549375
14.21621799375
34.682364462500004
48.25077056875
-69.32832718750001
-321.9584274375
-180.587921125
-68.4575414375
-146.806764625
-152.631301875
-110.45886037499999
81.04564668750001
151.023674
723.10134875
657.739105
137.53705025
18.621833324999997
25.37601709375
18.1085956125
7.26253688125
-55.15544414375
-100.8756446875
-132.374897
-204.62718962499997
-420.5005264375
-690.867080625
-385.50624849999997
-224.80678556249998
-269.2120551875
-230.7117653125
-223.48949431249997
105.31702993750001
178.6458396875
801.0765074999999
923.8458249999999
447.61562349999997
172.84942625
166.4231681875
175.39827343750002
156.33285525
74.576048875
6.477631925000001
31.980028150000003
62.6289796875
-31.377444268749997
-309.42081449999995
-166.44680025
-54.53379154375
-131.0587883125
-131.710538875
-117.0384406875
79.31478974999999
128.7504005625
457.25318906250004
287.204589875
120.27323725
109.457435625
85.75822831250001
74.421620375
25.7789492625
-52.96697616875
-73.252854375
-127.28601456250001
-179.798679375
-300.3553390625
-192.65617368749997
-196.14885331250002
-198.5409164375
-186.3809585625
-225.0663948125
-201.96590425000005
95.92873574999999
88.15312387499999
190.8651924375
310.5180549375
349.01699068749997
238.29277037500003
270.228042625
217.43757250000002
187.2971153125
136.08085631249998
93.19394112500001
88.530845625
30.839149950000003
-49.1455078125
-73.50876331250001
-50.6641054125
-33.632094862500004
-66.333994875
-160.32781599999998
-68.21628568749999
40.4603433625
100.75745581250001
37.16251373125
61.14804745
99.53085899999999
69.7380351875
57.083435056249996
49.311285018750006
19.245219231249997
-8.610631825
-69.2167615625
-88.4410190625
-123.60825537499998
-135.9732341875
-145.734825125
-160.22838593749998
-82.88538931250001
-141.29327775000002
-145.8248043125
-96.55591012499998
97.29385375
57.02970028125
42.79772281875
176.01772306249998
262.33772274999995
167.89873125
173.99030687500002
174.17308806249997
165.33601762499998
89.48546412500001
57.32358455625
52.1136808375
44.36674595
-44.049062731250004
-46.96082115
-39.59869623125
-26.04588985625
-71.2522173125
-117.49447824999999
-33.6034154875
56.5705108625
335.43975831250003
870.524444375
579.353714
90.34742356249998
38.57600211875
-1.0508995506249998
6.29357874375
-3.32383036625
-73.2664060625
-113.546476375
-145.77729225000002
-252.44918825
-483.95950318750005
-752.9084775
-348.84067537500005
-229.36351774999997
-274.77437975
-210.23380281250002
-204.76531981250002
128.2357501875
193.082981125
858.150176875
916.7253875
383.569831875
166.84310912499998
172.84799575
167.5728606875
137.84008025
93.57922556250001
17.781775000000003
32.64202118125
56.9518566125
-79.01979925
-315.30344012499995
-154.1443825
-107.5617504375
-134.412088375
-139.1947936875
-100.08222581250001
79.70054625
151.4464569375
748.291396875
675.397796875
96.80834768750002
12.654443981250001
-1.5888769925000001
17.611432075
-18.039261099999997
-61.73219680625
-110.64479825
-134.741582875
-216.5974235625
-471.0146331875
-690.4358675000001
-392.50350950000006
-222.701835625
-273.36727143750005
-216.36695862500002
-217.262096375
124.60825918749998
194.09463881250002
846.648254375
918.089446875
443.9380264375
183.01820756250004
175.90536118749998
181.91041943750002
138.55879781250002
88.41770175
16.107963325
34.36184645
61.434054375
-46.1155653
-315.6779289375
-169.42663193750002
-83.7197780625
-133.19163325
-131.000480625
-118.49936487500001
82.63153075
139.77437018749998
818.38569625
673.544540625
110.2585696875
13.1268680125
7.4281531562500005
1.9134913387499999
-20.06337404375
-64.345026
-112.77259825
-137.46929168749998
-205.1182174375
-461.4547348125
-697.956924375
-355.71792600000003
-220.70364
-264.01885987500003
-221.15676881250005
-221.239967375
120.51843643750001
191.26482012499997
839.6353149999999
937.8607943750001
431.3959121875
187.01000212499997
169.93167874999997
165.74651718750002
144.7557830625
82.265787125
18.66894960625
35.93654155625
55.033164025000005
-79.146180125
-326.2535858125
-197.1751594375
-102.5237655625
-133.236703875
-142.44314193749997
-125.33580781250001
68.911213875
137.366552375
770.1045225
706.18682875
123.748664875
23.66060495625
8.1256014125
-7.75056183125
-16.34937525
-77.81573293749999
-109.86446381249999
-124.545230875
-212.7036285625
-457.7490234375
-714.152145625
-372.82146456249995
-186.8796158125
-258.827858
-224.52732087499996
-226.83956143749998
125.059728625
192.3957825
854.4692993749999
939.098586875
449.6244430625
189.0453148125
169.367694875
182.8823661875
147.29911806249999
83.0484866875
16.201879981250002
23.86624574375
54.47659015625
-65.953598
-313.89671325
-178.95950318750005
-71.6078758125
-128.16640856249998
-122.12354662500002
-118.06791306250003
76.0626554375
118.46737862500001
765.829696875
625.116005
118.718242625
22.699368
9.5639896375
12.137424943749998
-12.355200049999999
-69.569897625
-124.6742820625
-145.8207798125
-275.7804489375
-589.6589660625001
-696.4403531250001
-275.62484743749997
-224.25100325
-232.69554137499998
-214.932518
-193.82745743749996
117.40575787499999
196.71014787500002
821.274643125
881.73149125
448.3464813125
177.53395081250002
162.57553099999998
156.050310125
138.760347375
68.0104875625
10.346530675
39.2636823625
0.176489353125
-133.02885056250003
-278.409366625
-153.53241918749998
-76.775074
-108.74407768750001
-113.58792306250001
-74.86126900000001
88.0796909375
109.11202431250001
248.12843325
166.59507750000003
95.46829224999999
97.76596068750001
68.74213218749999
57.331781387499994
8.980471493749999
-24.723007681250003
-65.99819662499999
-85.60931206250001
-114.99242781250001
-155.57757375
-134.81958387499998
-127.565403
-116.2842655
-91.741848
-158.00477024999998
-112.08854675
82.69723893749999
118.683261875
171.898269625
255.7105445625
248.89900206250002
185.6855583125
194.9395751875
133.20045468749998
154.8452949375
91.456308375
64.3090963125
47.74572849374999
18.494665625000003
-4.073594808749999
-23.15398454375
-24.45890426875
-21.525082587500002
-58.06389331875
-124.32335856249999
-25.8063674
56.8054628375
57.31334209375
22.012634274999996
67.99504756249999
76.7227601875
44.23280239375
47.1213960625
29.122476575
20.555336474999997
-21.884365081250003
-55.144100187499994
-59.26559925
-86.17124556249999
-113.49038125
-114.2076778125
-98.759822875
-92.28849412499999
-97.18055724999999
-88.76705168749999
-47.36548900625
42.10437298125
201.053676625
233.61911774999996
183.40064999999998
174.18539049999998
115.029459
126.3999461875
87.44228362500002
106.7814159375
66.84723375
39.8416829125
35.9056568125
13.82305621875
16.650509831249998
-22.75609731875
-22.359783649999997
-48.929467200000005
-55.83760738125
-82.2334861875
-5.413968563125
75.9299755
50.947432518750006
103.07120325
65.84849356250001
53.0066871625
29.49783086875
12.65334129375
41.7206668875
5.064771771249999
-40.102162362499996
-41.4182710625
-75.544219
-128.6326885
-96.31764412499999
-121.6342544375
-98.28125
-101.94860456250001
-69.41546918750001
-86.37908937499999
-35.61003685
50.3416967375
86.31070137499998
98.70970725
149.1300391875
123.8083839375
99.751310375
111.202631
108.735561375
60.395917893749996
50.884246825000005
37.1083045
25.622944831250003
-17.86277175
-12.395540475
-58.23944091875
-51.80514335625
-68.20241924999999
-76.51175975
-90.2700519375
-23.642954825000004
24.713552000000007
128.34100725
95.7538223125
86.3945293125
55.688066481250004
36.46301508125
48.240370750000004
20.190382006249997
16.973549125
-28.0458927125
-65.07225512500001
-74.94935512500001
-131.06320381249998
-118.41285706250002
-162.1310043125
-108.15992356249998
-137.6103305625
-132.7168464375
-123.94626618750002
-122.21525193749999
63.416247375
20.609860418750003
59.28955078125
166.8888091875
162.05867768750005
163.61177443749997
156.0930156875
135.64798356249997
95.94039918749999
79.7484493125
21.01830720625
30.44914006875
-21.746797562500003
-54.92600918125
-39.84956264375
-57.1047067625
-61.3319397
-95.87925912499999
-95.520763375
-25.08938074375
7.939814925
143.8169193125
185.3246879375
108.9136314375
85.88886262499999
68.6560916875
57.826266287500005
20.252153874999998
20.033905506249997
-38.73358249375
-61.181612012500004
-101.403694125
-143.88310431250002
-136.86403275
-184.22723768750004
-119.316892625
-172.0592308125
-130.5384635625
-135.13333318749997
-140.3370094375
86.38428687500002
19.7237885
114.76598737500001
155.18456456250001
193.117961875
198.49237443750002
160.32182693750002
154.100103375
115.12148856249999
67.9145240625
40.51896095
41.017546656250005
4.846523701874999
-33.360426425
-32.16187476875
-66.77758218749999
-41.1206007
-64.4294881875
-111.71666143750001
-19.34370636875
100.1638508125
242.5269508125
757.1562193750001
572.9520416250001
93.89880181250001
46.680488587499994
18.331570625
14.055013656249999
-13.092200756250001
-70.43705937499999
-112.414894125
-132.0274353125
-206.22512818750005
-415.15636443750003
-666.155471875
-339.12319181249995
-209.2835235625
-274.781875625
-194.68225481250002
-197.44140625
127.2693061875
187.68650056249996
838.4550475000001
879.742584375
383.167991625
156.68362618749998
153.48869324999998
152.27391243749997
132.0748615
74.06895637500001
16.47543906875
18.73655080625
48.1738710375
-74.7890996875
-297.8777885625
-166.74942018750002
-97.3330879375
-135.0947189375
-140.772323625
-101.2027740625
84.193306
142.8030490625
782.081833125
631.685180625
102.80977250000001
13.84401440625
15.566676856249998
24.17793750625
-11.907988787499999
-54.566411974999994
-112.1403885
-135.17556187500003
-212.30968475
-435.68775174999996
-678.5205843749999
-373.48834993749995
-240.17301562499998
-269.15744781250004
-212.6402855
-217.6015281875
107.85390856249998
186.4816475
815.9411618749999
910.86814875
435.9532928750001
170.56215287500004
167.9042435
168.13526156249998
143.0974101875
70.56785106250001
11.585422756249999
30.830957887500002
61.97423935
-8.9218521125
-285.5000495625
-163.38729856249998
-83.68951799999999
-115.50456050000001
-134.42800518750002
-115.380859375
84.804391875
125.558939
346.56223299999994
219.822368625
146.0917473125
79.89578725
91.13484381250001
63.979282375
17.1922695625
-40.222396849999996
-86.707487125
-121.8372249375
-174.50164793750002
-302.2113990625
-183.69579312500002
-186.92569731249995
-187.75796887500002
-194.54603193750003
-241.9089126875
-206.26428606250002
116.75999643750002
88.1458759375
153.8186645625
293.90819550000003
298.1615829375
247.35471725
231.7795371875
184.7649765
163.75516893750003
111.4434146875
93.57543943750001
90.48608781249999
19.599143268749998
-17.33582496875
-40.39179325
-35.7540655125
-7.840854524999999
-79.11025049999999
-122.102108
-31.7602038375
45.773458481249996
69.43705556249999
38.25170516875
77.9455805
91.8537235
83.02421568749999
68.43737125
62.5960445625
21.34812116875
-21.0554957375
-57.98400401875
-97.58174893750001
-103.50753781249999
-152.81102181249997
-154.317798625
-228.434028625
-132.26443293749998
-178.3728218125
-169.13022993749996
-131.4464378125
92.54440306250001
59.600930212499996
47.73926735
199.529724125
239.61408612500003
160.476894375
169.86091612500002
116.054201125
137.55470275
95.66589356249999
65.52340506249999
52.60154724375
59.43295001875
-12.39916563125
-24.5629048375
-8.6445117
-47.92048454375
-81.969375625
-126.97321893750001
-28.04021835625
56.22620105625
472.258262625
807.27851875
524.9211120624999
96.985788375
40.024476050000004
18.9174532875
-0.406240671875
-13.38325143125
-65.297122
-129.440755875
-157.03266143750002
-242.44438168749997
-453.9764785625
-790.5408475
-378.1757354999999
-247.68436431249998
-290.15975949999995
-207.896823875
-194.612846375
119.63945387499999
191.4696693125
814.629974375
951.296691875
371.3854598749999
181.4468193125
173.0902099375
170.012359625
154.31535718749998
92.303772
21.029493806250002
43.405351637500004
54.175930025
-60.541677475
-321.98719024999997
-183.900966625
-117.25590706250001
-147.58378981250002
-139.434309
-109.3510723125
78.1362485625
144.91572381249998
770.598068125
681.8115999999999
112.03622818749999
12.0472896125
1.506462693125
-1.97242617625
-24.13491964375
-59.671525956249994
-105.12714387499999
-128.5936069375
-204.9580383125
-438.13056943750007
-702.542114375
-389.30770875
-226.82672499999998
-264.713707
-214.943389875
-217.27210999999997
112.93190956250001
186.3793754375
828.99742125
926.8414306249999
468.1665420625
197.0349311875
170.345954875
175.39480206250002
156.90139768749998
79.9878120625
11.19446754375
35.338525775
58.72856616874999
-37.09680080625
-303.740234375
-177.23163606249997
-92.23255156249999
-113.6824703125
-137.57707593749998
-113.3105755
78.96937368750001
136.05611800000003
386.1870575
199.0806198125
126.28238675
87.97142981249999
108.1132793125
92.78029443749999
44.63888645
-21.260979175000003
-62.46352195625
-101.8871498125
-180.95233918749997
-279.5903396875
-204.806671125
-171.72533037500003
-213.32544324999998
-165.9161376875
-236.7860794375
-175.49108506250002
119.28254124999998
92.3163795625
121.4128589375
205.47300337499996
270.8101463125
222.0423698125
200.52925112500003
185.51158906249998
151.4573383125
78.4991550625
76.75080775
58.12850474999999
7.1063756937499996
-45.204124449999995
-55.364394187500004
-40.86469173125
-28.12625646875
-73.56091975
-123.7193489375
-27.83205509375
58.443818093750004
141.10922812500002
700.35842875
570.4851531875
95.6693649375
33.787310125000005
-0.73369145375
8.33155810625
-12.852679493750001
-77.2352075625
-120.5370330625
-148.69551656250002
-212.49357225000006
-467.468757625
-729.603653125
-350.242195125
-217.38752362500003
-276.55984881250004
-207.85837175
-199.44833756250003
130.66673281250002
192.07950593750002
836.11282375
926.889495625
405.785102875
181.4696693125
170.715160375
158.6809444375
140.908470125
77.2708225
15.40342330625
33.4196782125
43.19372176875
-71.0848713125
-319.32754518750005
-163.34972381249997
-109.17079925000002
-128.78144262499998
-139.5438289375
-104.7539996875
79.63026525000001
145.62325475
787.412490625
647.8574368750001
113.899765
29.22096490625
7.9747974875
3.401517271875
-9.45825338125
-78.36600306250001
-119.0132331875
-149.815979
-233.7540054375
-476.93553925
-787.03598
-414.3968581875001
-210.92147824999998
-282.0409393125
-220.97711562499998
-213.49538800000002
109.79781150000001
192.88978575
770.38406375
946.3280487499999
485.3118515
200.88853837499997
181.88583375000002
177.168846125
139.92155075
84.40682412499999
13.9043676875
45.581998825
51.63889408125
-11.114574668749999
-286.14715574999997
-175.9988021875
-103.044252375
-144.5176029375
-139.3511104375
-123.4678554375
72.02829837499999
127.4264145
366.42642975
323.30753324999995
151.83268550000003
84.88602637499997
102.15818406250001
80.5510044375
23.634288312499997
-40.7277536375
-90.355615625
-129.43618775
-152.93220518750002
-217.7029228125
-172.67616274999997
-151.12106325000002
-116.42656324999999
-195.4867744375
-271.9936561875
-235.6467819375
28.5359644875
28.0107522
128.313274375
259.381198875
270.27406693750004
203.078575125
212.51886368749996
182.14395525
157.805595375
110.0989436875
96.69442175
78.22150231250001
80.10269162499998
18.00916314375
-3.5709154606250006
-6.81737423125
-37.912435531250004
-93.9140796875
-107.8212833125
-48.321995737499996
58.58359336875
88.17660331250002
13.286181687500001
46.5315771125
93.713960625
69.42571162499999
90.35781862500002
103.3349895625
38.44095706875
19.50112819375
-37.41196155625
-113.0201625625
-119.3633746875
-173.65583418749998
-175.76047899999998
-218.19568631250002
-146.9731616875
-200.0906371875
-193.90144350000003
-146.2852478125
98.73744012499999
24.7050428375
5.78112959875
186.7295265
227.16669081250004
180.794906625
192.66098024999997
166.413230875
152.0139026875
125.70438387499999
69.8366785
88.8080215625
25.90028524375
-12.86812305625
-35.397934912500006
-15.971183775
-36.26808881875
-83.44038962500001
-134.240322125
-5.469436645625
43.577742575
395.5926895
703.25035125
448.67343900000003
122.95084
26.5399026875
17.64357805
2.0836775006250003
-18.5744011375
-69.95454787499999
-116.220760375
-139.20440675
-212.05787656249998
-405.2050018125
-748.634414375
-356.61148068750003
-206.382865875
-262.47671125
-194.74159243749997
-198.5733795
106.05813025
178.03348543750002
708.8043974999999
876.95053125
414.0511321875
170.773620625
182.47186662500002
174.720363625
158.3183574375
67.970147125
27.12657213125
52.6809692375
42.72728443125
-51.028428075
-315.49489975000006
-178.24653625
-114.44877625000001
-100.13375281249999
-139.57124712499999
-94.775095
82.06219675
124.16214943749999
264.03879168749995
186.90601350000003
113.76078606249999
83.57165337500001
83.5092449375
59.4942474375
24.142324925
-15.065414906250002
-76.4871788125
-64.3251705
-173.27133181249997
-226.77825925000002
-177.32311249999998
-163.0108451875
-205.48364637499998
-176.399211875
-208.6494255
-187.18769074999997
128.1892585625
63.600144375
130.729761125
218.0190276875
249.18090818750002
198.83827212499997
184.082965875
186.97423937500002
177.7321815625
87.45426175
71.843299875
61.6515159625
23.39508295
7.02112495625
-44.48965549375
-25.66265583125
-39.9847674375
-86.85781481249998
-126.652860625
-4.072964489375
58.183341025
333.303604125
754.8029325
504.67208862499996
106.30111693750001
33.92298698125
7.56304145
3.1941422818750005
-13.15696596875
-71.52703762499999
-137.5729751875
-148.601121875
-272.53990175
-487.5721740625
-775.6567381250001
-363.8781738125
-228.7936210625
-264.299430875
-225.1287269375
-200.83684918749998
116.3190936875
209.8887061875
819.14527875
913.559799375
449.226532
189.1928100625
179.95737075
179.43342206250003
139.55013275
85.23742675000001
33.520529268749996
36.76052570625
52.625184056250006
-68.33447456249999
-334.0482711875
-197.30689999999998
-111.42954824999998
-148.636732125
-166.619892125
-119.3506145625
70.75773237499999
161.72065737500003
789.59854125
727.110138125
138.80762099999998
22.77752638125
9.50143039375
14.39869523125
5.632374286874999
-62.4049043625
-104.3838405625
-122.7429866875
-199.10835268750003
-445.50704956249996
-703.7298581250001
-338.5852050625
-230.64764025
-275.1350784375
-224.29826737500002
-216.21183393750002
114.1419696875
195.48133850000002
825.3633118749999
912.89024375
437.5144195625
186.47802350000003
175.59587481249997
168.1858444375
148.6544609375
75.4301309375
12.000803950000002
36.13603830625
61.2238407125
-63.724002812500004
-320.13710024999995
-164.36264037499998
-108.97808074999999
-147.76626587500002
-159.05465125
-111.417255375
77.034134875
157.347669625
677.307663125
693.07479875
110.60571668749999
23.64342689375
23.88499736875
11.8925464125
-2.098805159375
-70.23394106250001
-107.9364776875
-151.29652025000001
-212.95017243749996
-438.37963106250004
-752.0198825
-375.3317260625
-243.91380312500002
-279.529438
-224.21625137499998
-228.45169068750005
113.75164031250002
182.02812193750003
804.820938125
959.71305875
470.5710601875
187.44997025
182.5117301875
186.35684968750002
152.39619256249998
89.678964625
9.41460430625
30.301332475
60.82185745
-14.54745054375
-286.9486045625
-149.37830925000003
-92.00406074999998
-109.779377
-122.308225625
-116.47084237500002
90.3510475
123.90450475
237.3234939375
178.07855606249998
138.50238800000002
104.8260116875
111.146535875
109.2560481875
64.60314275
2.258906215625
-76.45046231250001
-111.57861712500001
-219.784565
-301.04238512499995
-221.46562575000002
-198.1137085
-202.8544998125
-267.6506805625
-275.675354
-213.91021731249998
107.312307375
61.0345888125
118.5403346875
286.4400100625
318.3746719375
262.300376875
280.089702625
246.38622281250002
203.88727187499998
146.770916
134.38687325
84.52847481249998
25.119478700000002
-14.56431150625
-25.83110809375
-19.017516375
-26.7937636375
-65.84030150000001
-138.6681556875
-53.132276537500005
43.7740898125
61.318073274999996
-2.8958436843750004
73.61591818749999
104.73855018750001
77.1174955625
79.6074151875
80.89673043749998
85.28738018750002
30.5901742
13.874741793750001
-52.7797699
-127.3187923125
-192.3217964375
-204.38947675000003
-193.37039950000002
-161.37933731249998
-160.83065031249998
-160.9207153125
-131.78428650000004
64.03080937499999
-7.0789563625
6.073912381874999
169.92080687499998
254.56903456250004
181.927909875
196.24151231249996
162.30464937500003
164.13589475000003
147.4417305
88.3649063125
72.64002325
-1.8912725149999998
-37.704429624999996
-34.71135855
-13.134905100000001
-1.794676184375
-57.5574350375
-111.74345018750002
-24.2918682125
33.15242290625
254.60386274999996
914.7776031249999
575.4115676874999
86.76799775
14.99466180625
2.6199215649999994
1.6017985343749999
-13.675246237500001
-75.285472875
-118.3444690625
-150.93511581250002
-227.5829505625
-453.534927375
-804.298019375
-378.0175018125
-211.18810656250002
-273.4287261875
-199.43668362500003
-203.64522931249996
128.24394224999998
190.70383074999998
783.147125
915.6616212499999
409.3479919375
159.96789931249998
165.6472396875
172.32973100000004
155.116024
79.35370925
20.00601291875
48.87982845
49.472489356249994
-45.42552471249999
-349.352645875
-195.5389404375
-102.00391768750002
-127.04617499999999
-142.72898675
-103.67189406249999
77.1726513125
139.161224375
750.2256775
668.501815625
107.38794324999999
7.259227631250001
-2.59596943875
-7.67697155625
-21.813926693750002
-71.388053875
-111.97303775
-125.74220656249999
-201.42927168749998
-434.1100692499999
-704.4960024999999
-363.91757962500003
-214.74050518750002
-276.55496600000004
-216.94969175
-212.3873710625
128.34542275
193.06816100000003
829.809951875
921.7778774999999
463.7149048125001
185.424919125
167.8303528125
183.36378100000002
141.851902
73.329749125
21.071567537500002
38.87839794375
59.39008712500001
-44.42221165
-322.4347686875
-159.32080268750002
-97.46640206250001
-138.40453150000002
-142.12151525
-106.84366225
76.4309215625
148.65209581250002
739.784164375
646.956863125
114.4470405625
22.14247941875
14.86686468125
15.234183075
16.1478304875
-59.462571143750004
-105.18229487500001
-129.2541885625
-189.5477485625
-425.777587875
-716.367645
-370.88939668750004
-244.302158375
-267.1199416875
-251.540432
-218.87367249999997
102.679777125
186.89859387500002
760.287780625
919.0864562500001
457.7659606875
165.26195524999997
168.63731381250003
168.00336837499998
153.4968853125
81.22150418749999
20.673995018750002
45.8836078625
71.95991037499999
-33.559293749999995
-334.27642825
-185.19523618749997
-77.27586268750001
-131.26616475
-144.42581174999998
-104.73571775000002
74.62663175
145.8927154375
686.081085
677.06344625
93.74768256249999
14.96361851875
4.060358106875
-9.05154049375
-0.10699667062500001
-72.12930681249999
-116.77449225000001
-140.39807318750002
-223.96530149999995
-468.84490968750004
-745.654296875
-365.05649568750005
-220.1703071875
-281.26226425000004
-230.6719016875
-215.1769256875
117.20705031249999
184.001503
824.814681875
924.9121856250001
463.95584106250004
184.37496187500003
165.931816125
161.73027037499998
156.26304625
87.343483
17.50648379375
45.5350399
77.89389131249999
-9.11331176875
-280.86122512500003
-130.72031018750002
-79.17785168750001
-120.0861930625
-139.0892124375
-109.4226169375
78.73631474999999
141.4792251875
695.4019162500001
647.2093199999999
113.7891483125
24.156193731250003
4.815795719375
6.0513788462499996
-0.15836767875000002
-62.818393687500006
-110.88589668749998
-145.11324881250002
-196.05405806249996
-493.4313201875
-714.0824125
-359.12914274999997
-223.4288215625
-270.01066206250005
-205.69574356249998
-224.01714325
102.0732498125
171.09586718749998
764.145813125
934.8841093750001
438.41121675
191.9283866875
179.36944962499996
181.5089035
154.9215698125
77.0215320625
13.670834300000001
44.71310615625
76.4022398125
-45.07474899374999
-308.73739243750003
-162.5994873125
-90.42416574999999
-101.59798625
-129.0521716875
-114.1102981875
75.5183791875
121.2291240625
328.251304625
213.98153306249998
170.22918700000002
89.41817281249999
112.431440375
80.766096125
57.8955984125
5.796257257500001
-49.028744700000004
-107.5942135
-155.702219
-283.58081818750003
-218.636665375
-187.20729825
-196.2902069375
-234.91544725000006
-280.33151625
-234.432392125
114.3633651875
68.5670614375
155.80464362499998
275.05897524999995
313.4469795
230.61203
250.40388106249998
220.23460387499998
213.60994337499994
143.0677890625
97.196941375
91.134214375
52.69073963125
-26.802587506250003
-32.55440711875
-16.4119339
-36.7981886875
-86.54076574999999
-119.912700625
-32.859323025
40.752182006249996
84.70054625
-27.705676556249998
46.72634601875
90.39091112500002
50.37431716875
120.940122625
77.8212499375
75.472993875
6.94595933125
-42.98902511875
-68.1869793125
-143.45157625000002
-164.73154068750003
-173.76668931249998
-174.040088625
-141.7783069375
-156.6760635625
-142.01964381250002
-91.52217862500001
76.5155410625
14.707393643749999
-10.62418699375
146.6784095625
189.569110875
200.36441800000003
172.07002637499997
200.06896975
158.40865137499998
95.0499153125
75.5911779375
60.89371204375
9.54508006875
-18.31581354375
-29.320397375
-30.21056651875
-33.93212795
-76.008133875
-88.81748199999998
-9.90893185
80.0073528125
258.468036625
708.6817931249999
583.203544625
72.0174265
39.458608625
-4.36905711875
3.158686756875
-9.90940451875
-77.2552204375
-128.657112125
-140.33708575
-220.51147462499998
-453.41342925
-747.761535625
-370.677528375
-235.63961031250003
-255.44746399999997
-214.22183987500003
-203.31140518750001
118.615188625
180.61210631250003
793.471374375
923.87558
396.39965056249997
167.61981962500002
161.72098162499998
154.45717812499998
145.97765925
73.53886125
19.067626
40.996742250000004
52.5207090375
-44.28417205625
-317.6660346875
-189.0712356875
-111.6804123125
-148.5328101875
-148.50413325
-120.78442574999998
76.556825625
151.3744449375
739.97840875
697.869949375
124.8209953125
17.7978479875
3.728179931875
-0.743934139375
0.966594368125
-55.779776575
-107.2412395625
-127.9580879375
-196.54956818750003
-441.56471250000004
-693.4701537500001
-361.2718200625
-222.76321412500005
-274.37232968750004
-217.7375984375
-206.286754625
125.3961563125
190.30248643750002
772.5939943750001
909.8475649999999
436.40319825
181.65166856249996
163.04952618750002
156.59081456250001
135.4804801875
67.89734362499999
12.5857400875
26.8386721625
48.445539475
-67.0096969375
-329.0582656875
-195.86189268750002
-110.4914760625
-152.21103668749998
-142.84867287499998
-104.17536737500001
84.5398235625
140.974969875
754.841995
655.927429375
143.53406906249998
33.02651643749999
22.24270105625
21.29927158125
0.875513255625
-63.476285937499995
-111.19270325
-134.3158054375
-229.82955931249995
-408.3505248749999
-744.74372875
-394.52651975000003
-216.436061875
-273.4490585625
-235.69822312499997
-215.85372925000001
106.97744368750001
189.21218875
762.4190518749999
915.849304375
479.8499679375001
177.3291015625
175.8900833125
184.4911003125
144.73025324999998
82.94510843750001
24.8651433
39.956245425
52.0298481
-50.837917325
-337.3117446875
-199.03099062500002
-95.2175808125
-143.2358455625
-158.80732537499998
-121.40686987500001
68.7429189375
149.92392537499998
772.314071875
687.212829375
115.76645849999998
34.318828581249996
11.950062512499999
11.108272075
-4.436973929375
-57.651195525
-96.2947940625
-113.43664168749999
-200.60811993749996
-450.33134462499993
-729.063720625
-366.0662460625001
-211.18093487500002
-281.00555418749997
-235.9011840625
-221.46175387499997
112.7256393125
190.19737243749998
792.635574375
912.5667575
464.937744125
183.21012499999998
170.5813789375
186.70635225
144.889726625
89.17912481249999
21.887516974999997
37.11713075625
67.9874801875
-49.91181850625
-308.08721543749994
-160.7206535625
-96.67078018750001
-135.092039125
-148.96056175
-106.6742610625
68.0312871875
146.4215565
702.0597075000001
659.2231750000001
104.60334775
24.710242749999995
7.81154513125
15.33787011875
-2.52647668125
-71.4709425
-110.3524875625
-151.2620163125
-212.6139640625
-461.065750125
-722.6107025
-411.0760116875001
-225.64699175
-273.9272308125
-208.24285506250004
-227.59012225000004
109.0182590625
179.22430037500004
789.891205
929.4000243749999
468.4634018125
200.1832008125
178.20808412500003
174.92568968749998
144.41304206249998
82.3685264375
12.255767581250002
30.197172162500003
45.134000781249995
-5.737164616875
-275.6819725
-161.03738787499998
-89.32678224999998
-101.89628599999999
-125.457296375
-111.97272300000002
83.6592674375
127.4342918125
281.69008256250004
225.515728
190.820922875
72.808632875
115.57389256249999
75.82959650000001
72.36678125
-22.6190018625
-78.326449375
-121.8309211875
-209.20646668749998
-341.04076387500004
-230.080432875
-186.89371106250002
-226.76219937500002
-230.02449037500003
-236.28410337499997
-219.5035934375
101.0705661875
81.6491794375
176.37557981249998
292.22681043750003
367.45273587500003
251.72613143750002
247.920436875
245.80949781249998
195.80028531250002
139.92280962499999
115.27795793749999
83.50452425
50.94192028125
-34.5230507875
-36.6075158125
-62.581706062500004
-58.35069179375
-83.30628393750001
-141.969451875
-62.828164125
45.9285163875
53.439245225
-18.13632965
55.37558555625
85.7555485
68.31051825000002
102.1049213125
54.47202205625
87.61987687499999
-1.544754654375
-22.603244781249998
-84.63027
-111.0532474375
-169.78292462499996
-156.347036375
-166.7109870625
-141.730327625
-181.89819337499998
-157.695055
-132.883720375
79.7932005
-28.684878349999998
7.0882535
165.389747625
229.9687766875
162.2797584375
179.7873496875
176.472339625
133.723621375
109.43994525000001
80.46165468750002
73.9870166875
12.71527051875
-9.7456789
-9.62418496875
-28.11097145
-32.61665105625
-60.516624449999995
-103.83813856249999
-29.13319349375
93.959465
254.67145918749998
837.3630525
568.35826875
116.44231793749998
25.05234956875
3.62291663875
5.251503586875
3.0652418731249997
-69.4151544375
-123.76772881249998
-146.1526489375
-215.127925875
-416.68048856250005
-747.761916875
-404.311180125
-204.12506106249998
-292.103672
-221.7251586875
-197.88482668749998
119.491643875
183.9222335625
795.47706625
938.8770293750001
424.80293275
163.00525662500002
156.97278025
166.685524
153.45088006249998
72.82250406249999
19.66942310625
34.07363415
44.145660400000004
-15.574555400000001
-305.224475875
-157.7709293125
-98.9514350625
-139.0030193125
-152.5481033125
-108.1326675625
78.814473125
146.37711525
754.7926331250001
696.1655424999999
98.79338262499999
18.51073980625
8.184221387500001
19.167059662499998
9.186586143749999
-62.596363999999994
-114.4320774375
-134.1691016875
-223.1952095
-465.29308318750003
-693.5215756250001
-381.064453125
-235.393314375
-288.21546556249996
-223.99477006250004
-230.36603925000003
124.08446312499998
180.40805818750002
812.579498125
937.787246875
439.2393111875
180.74699399999997
180.6359100625
175.86675643750002
142.11757662499997
86.9870376875
16.26144528125
35.4626989375
59.44429397500001
-34.96112346875
-316.25213625
-167.0785331875
-97.0396805
-134.475746125
-156.3225269375
-114.875507375
71.8828535
154.21151162499999
738.7598418750001
721.819534375
112.72626875
25.920927525000003
7.48677313125
6.2352740762500005
4.027424156875
-65.63591956249999
-115.02552031249999
-138.2928085625
-216.1219215625
-514.145011875
-793.55430625
-337.673149125
-223.24375149999997
-263.4646415625
-202.42738725000004
-220.06284712499996
122.16057774999999
184.0538215625
800.224304375
928.1715393750001
443.1244278125
198.620643625
171.30592343749998
172.43686675000004
142.59677887499998
80.05210875
21.751368043750002
50.682225225
89.51508525
-84.30786131250001
-327.70576475000007
-202.53381731250002
-117.25306512499999
-124.952726375
-140.99388125000002
-122.36211775000001
72.3354244375
138.77846718749998
676.403045625
659.7447968749999
141.20787618749998
35.3955698
13.8679659375
5.2923166749999995
9.81312334375
-67.110548
-102.95837400000002
-147.81653406249998
-212.26232531250002
-424.025611875
-717.208251875
-433.1611251875
-199.633255
-273.54204175
-225.92401506250002
-229.8814010625
112.51811025
174.0153503125
776.8441774999999
926.877975625
448.03730012500006
182.53963468749998
175.60848237500005
179.14882662500003
145.39444925
77.3574924375
12.2871255875
34.2044258125
40.260529518750005
-48.74604701875
-330.921249375
-191.836681375
-108.1676483125
-149.1384696875
-139.3359851875
-131.73118593750002
78.25900556250001
137.59283068749997
750.0742337500001
658.6518100000001
149.3350505625
32.23499298125
31.415576937500003
19.380106925
11.04760289375
-53.268585206249995
-111.57011031249999
-126.73132893750001
-220.6040573125
-445.52955625000004
-717.35473625
-387.66674043750004
-229.4295501875
-271.86948774999996
-209.5566749375
-239.66670987499998
111.474933625
180.6806564375
812.869491875
920.3727725
473.1138992499999
191.25221249999998
169.71500393750003
184.924755125
156.56606675
82.3037624375
10.62402844375
31.41289949375
59.044671056249996
-20.675096512499998
-307.6275635
-168.83121487500003
-85.0309944375
-96.87547681249998
-128.41223718749998
-105.6767845
80.2058983125
127.4127101875
173.87983325
162.83113481249998
138.63570212500002
97.91140556250001
113.26677325
91.82946206250001
34.882175925
-18.00348996875
-104.36287881249999
-113.62431525
-226.59019468750003
-299.4589424375
-214.08008575
-212.00838087499994
-211.8333244375
-234.7503853125
-217.16085431249996
-207.958984375
105.03417012499997
59.30609703125
123.6303234375
279.6305275
375.97858431249995
250.719509125
260.55454256250005
216.885089875
221.2673759375
126.196661
110.362892125
78.368363375
42.84483909375
-21.525871756249998
-42.66157626875
-52.93703556250001
-47.917647362500006
-77.40744112499999
-129.22124862500002
-47.11935043125
38.3202505125
32.970891
-17.17194199375
77.130103125
81.09685900000001
78.96622181250001
93.4099865
64.81366631249999
63.254098875000004
-3.8818204400000003
-53.346114156249996
-108.11453818749999
-128.575964
-183.36471556249995
-176.135120375
-173.33004000000003
-160.570335375
-203.16949843749998
-208.869876875
-134.36843875
82.05493924999999
-12.6449894875
21.4078426375
195.93816756250004
253.08069231250002
207.40493775
182.19516756250002
151.5290355625
196.86033249999997
118.123540875
83.2555485
62.30531215625
26.28320455625
-23.4158825875
-14.15838599375
-24.0277648
-52.418441775
-83.928413375
-114.68199731249999
-35.59553861875
68.151207
265.8230590625
877.02034
584.5038986249999
89.00894162499998
21.218276024999998
12.97968864375
7.85298824375
-24.452600481250002
-60.92113018124999
-123.63363268750001
-152.5608635
-212.8757095625
-450.5202865625
-744.5892331250001
-381.6418456875
-219.4664764375
-275.9433174375
-207.524299625
-195.35558699999999
126.29074093749999
188.2247925
803.1211087500001
939.1558075
409.2126465
179.2759895625
171.7841720625
174.44349287500003
151.87129975000002
79.316048625
9.9380838875
40.45025825625
51.28512859375
-59.05585765625
-333.6421585
-192.9253196875
-109.4218254375
-154.2718696875
-152.7439689375
-120.08273125000001
75.82849499999999
154.1899204375
708.814010625
728.2463075
112.438058875
11.33329510625
10.6815457375
2.28207036875
1.640405505625
-57.77221679375
-105.05134581250002
-128.20060731249998
-184.14520262500002
-422.33066556250003
-738.596954375
-355.03143312500004
-239.22029493749994
-271.5908050625
-212.4684524375
-212.29526518750004
118.87015343750001
178.129768375
796.5416718749999
917.822494375
449.06471250000004
183.75961306249997
176.125183125
173.47484587499997
147.04935074999997
81.46985056250001
13.868911268749999
40.5507946
66.14253518750002
-72.8143071875
-343.61854556249995
-210.52106856249998
-116.99904443749999
-149.528560625
-159.62753293749998
-127.3542499375
68.33478925
143.86245725
734.549331875
740.1690675
147.90516856249997
16.33109569375
13.9910364125
2.4317711593749998
4.424525201250001
-64.4468211875
-96.5433025625
-130.364179625
-148.2117461875
-399.02793881250005
-740.3810118749999
-358.9222335625001
-236.202011125
-253.817386625
-237.68421175
-214.38602450000002
112.94830325
186.64522168749997
781.48605375
929.1151431249999
453.2928848125
177.3136520625
173.71326443750002
161.091442125
137.5332736875
69.87576006249999
6.720462443750001
44.8119068125
62.39198208125
-62.96667575
-352.2213745
-217.2769165
-115.1851463125
-152.7171039375
-163.99547575
-132.633953125
71.2600994375
145.8618355
681.895751875
756.6806031250001
140.90074537499999
25.8237028125
5.319105386874999
-2.79262900375
3.7574899193749998
-71.1619281875
-114.215869875
-99.0637874375
-178.9565849375
-348.02772524999995
-706.4229581249999
-366.0890960625
-214.55156325000002
-274.07489775
-220.8928108125
-223.79339218750002
133.24173925000002
176.49612425
837.7069093750001
938.274765
450.083313
186.94099425000002
159.144544625
161.588459
136.30289075
71.7463875
15.61647176875
20.621678831249998
54.265909193750005
-72.04720975
-324.40475462499995
-184.3573951875
-117.9399585625
-155.647068
-164.38999175000004
-138.5644721875
71.1374998125
162.04259875000002
691.304245
695.6332399999999
140.3593063125
35.40471076875
17.77704835
15.172569750000001
15.65602421875
-53.6598539375
-96.8802070625
-131.77924156250003
-168.6282539375
-434.36481475
-746.1913299999999
-381.5497970625
-235.43428418749997
-279.38438412500005
-201.0078239375
-223.83766175000002
101.20955468749999
167.32419968749997
768.45657375
932.139053125
484.642601
190.74134825
184.98620987500001
182.8770065
162.73973462500004
85.63720706250001
21.1762023
45.539455412500004
60.4934597
-32.47924089375
-326.18579862499996
-176.0478210625
-113.73682975
-99.4649886875
-139.40500262499998
-121.1497020625
72.6745366875
127.00095175000001
274.8823356875
219.1093254375
178.794746375
94.7687911875
126.84432031249999
97.1083831875
51.696410181249995
-32.71324634375
-88.63563537499999
-130.6057453125
-199.24970625
-262.2931289375
-210.1005745
-209.7840690625
-187.40829468750002
-240.66844937500002
-240.22304537500003
-237.15473175
118.8655853125
48.04339885624999
138.271684625
290.2745628125
342.62428281250004
286.0808945
286.28921506250003
215.94276431249997
209.525013
123.00299643750002
94.5056343125
89.4110870625
42.418427468750004
-16.4009034625
-46.70223713125
-19.84733105
-34.18535709375
-81.34882925
-115.90749737500002
-36.16518974375
39.29819106875
49.110527037500006
-8.39159608125
73.808164625
91.2717819375
77.56644250000001
82.4753665625
70.9985160625
52.0653057125
-35.445208550000004
-54.23218250000001
-115.108881
-132.1902084375
-185.8665275625
-164.25666806250004
-146.76374437500002
-126.2434673125
-164.3738365
-148.698902125
-94.111061125
58.10785770625
-1.478098333125
44.4209528
186.58313750000002
233.0734253125
219.00123593749998
185.64632418749997
156.790933625
135.0863743125
103.11390875000001
91.43550875
54.82752323125
-6.27577245
-27.642960549999998
-33.49342584375
-15.48867464375
-44.6819067
-68.4049081875
-101.611852625
-6.73795401875
62.91372775
275.8579063125
781.1674499999999
581.1260223125
82.70133975
42.3773002625
23.2371878625
-0.691144913125
-22.12798356875
-84.9878215625
-117.7392005625
-161.7957496875
-228.20640562500003
-452.36885068750007
-851.700591875
-398.0545806875
-204.52627181249997
-272.2660255625
-215.052585625
-199.07243731249997
118.69949343750001
183.4638405
774.004974375
952.201233125
430.05161287500005
179.792385125
175.54277418750002
168.938140875
140.4544830625
79.758062375
6.142774820625
39.87430334375
56.472969056249994
-40.128951075
-317.811718
-180.494480125
-107.64511106249998
-130.64561843750002
-150.9363746875
-117.86005975
76.10378743750002
155.68535806250003
765.979690625
686.5401456249999
96.74657818749999
19.239860775
3.0764299631250003
0.36779120562499995
-23.1394887
-65.360155125
-113.29938887499999
-135.041303625
-184.755916625
-476.21177675
-721.705016875
-355.348548875
-214.98468399999996
-279.7661971875
-216.13840106249998
-216.38067243749998
130.13190268750003
183.937358875
808.137665
937.3559568750001
446.48418424999994
195.40271756250002
175.49676893750004
162.44632718749997
139.71748350000001
72.01128006249999
26.0306048375
49.34720993124999
77.53004075
-65.35779
-337.20436093750004
-172.91261675
-118.75590324999999
-152.7898311875
-151.3348198125
-116.8324851875
78.86206150000001
141.0745620625
702.2391512500001
695.441360625
152.7639865625
14.00001764375
6.360550525000001
1.871890276875
2.277500629375
-77.94825556250001
-121.66845318749999
-150.7679271875
-163.67803574999996
-421.294288625
-773.367004375
-355.38352968749996
-246.125507375
-252.123622875
-228.4459305
-214.72663881250003
120.2045345
196.51380537500003
818.7126925
918.0100249999999
476.86870575
191.0103225625
178.9565849375
168.20838931249997
136.5493393125
81.8597030625
14.5570623875
40.053472518750006
81.75380706249999
-58.01898479374999
-332.5271225
-195.1881599375
-87.5297355625
-132.57407187500002
-155.3791809375
-106.881008125
70.6463241875
151.9686794375
652.044525
592.3592758125
146.240501375
45.09303093125
24.8648285875
16.59724831875
-1.89757570625
-55.94633579375
-107.648105625
-127.2499275
-153.41566087500001
-378.40435025
-674.932021875
-351.48170468750004
-232.08414075000002
-276.4933395625
-247.49046324999998
-217.16455462499997
91.19425774999999
168.80340575000002
692.8301999999999
906.21528625
461.6783523749999
187.94082643750002
157.8869056875
168.5073089375
152.541008
84.28643225
31.379649637500002
34.341990949999996
75.716137875
-44.59428787499999
-311.422081
-170.76053618749998
-93.7201023125
-146.2841510625
-157.97302243750002
-120.3053855625
63.292708375000004
148.155717875
663.1576537500001
644.9517056249999
161.04480743750003
20.711812975
9.28633391875
9.823681118749999
-3.2492950556249998
-54.491248131249996
-105.8822631875
-136.0387801875
-196.02161406250002
-455.215683
-753.1542206249999
-336.5777969375
-252.15633393750005
-280.47010418749994
-208.8720703125
-225.07371899999998
93.5262775625
171.28528593750002
773.522415
930.630416875
498.67427825
187.29333874999998
174.82404706250003
171.0870551875
156.28290175
74.3650484375
20.43510436875
45.055527687499996
84.294157
-37.068753243749995
-305.88205337499994
-171.60367968749998
-96.729879375
-106.8551635625
-126.55106543749997
-116.3099479375
80.41249275
114.66844556249998
255.7206344375
199.9780464375
181.90553662500002
121.91931725
99.97207643750002
89.2628001875
30.41888475625
-14.54587459375
-110.35044668749998
-179.04207231249998
-231.7072105625
-253.7929535
-250.7604026875
-216.50335312500002
-203.477249125
-245.16239168750002
-248.9736175625
-232.95869824999997
116.93160056250001
61.77978515625
143.16989900000002
338.217430125
347.47207643749994
278.17276
259.5168876875
237.046012875
247.7064323125
128.578796375
85.2233981875
69.80894562499999
70.13954637500001
-23.3318924875
-48.1294345875
-31.395406725
-35.797872543749996
-63.576192875
-118.7035846875
-21.3096714
34.1094040875
54.06893253125
-21.173207762500002
65.810833
77.99348356249999
61.88536166875
66.9784975
73.929972625
33.252959249999996
-6.0148203375
-78.1130838125
-103.49304199999999
-134.4735431875
-175.93734743749997
-172.59067537500002
-134.124507875
-121.44768712499999
-142.8619861875
-159.2919635625
-91.19646075
52.44523048125
-18.45054388125
23.9822244625
166.95562362500002
270.693225875
195.75300218750002
200.48166275
167.11683275
182.927742
98.43898775
83.260583875
64.4468211875
7.5156098625
-23.896815775
-28.15651178125
-12.7315008625
-4.68784093875
-52.33839035
-88.08599475
-15.25734663125
67.9931545
173.76543043750002
720.5722806250001
590.564422625
98.1295013125
27.377281187500003
5.4220050575
-6.564931275
-9.476217625
-84.9060345
-131.1886310625
-159.27210806250002
-245.3152465625
-479.20066831249994
-866.12182625
-361.09973906249996
-218.20812225
-268.3051109375
-192.6327705625
-196.6783905
129.4380855625
172.72603987500003
768.147506875
945.7743075000001
423.6552810625
176.3615608125
171.5120315625
159.39368249999998
136.39270781250002
72.9690504375
9.056109787499999
33.426296712500005
64.7402334375
-56.58122539375
-317.3196601875
-192.779960625
-125.53277968750001
-143.7189101875
-150.8514404375
-112.83421518750002
81.84079168750002
147.96946525
728.147659375
675.31951875
131.02554318749998
10.88119864375
3.5371932387500005
2.75433689375
0.037976726875
-67.22038268749999
-113.91159056250001
-137.82967568749999
-191.12157818750003
-440.75206756250003
-709.56329375
-353.84281156250006
-247.3375320625
-268.42407225
-214.7694969375
-207.210559875
117.9965305625
184.89654543749998
803.4178162500001
909.529876875
467.78896331249996
180.5534935
175.1806640625
161.2079048125
149.53958512499997
70.002298375
8.135686518750001
44.11209583125
73.52766993750001
-62.982273125
-328.75759125
-196.13443375
-109.02361868749999
-140.442819625
-151.0128784375
-117.4705314375
75.9578656875
148.10261725
636.4276887499999
694.1513825
123.7548065
23.56447935
10.331560374999999
-1.283329725
11.707232000000001
-61.301527025
-114.7059440625
-144.90799906249998
-187.27064131250003
-451.005859375
-756.0977175
-365.2135086249999
-230.2480888125
-268.34150312500003
-224.0898704375
-215.672206875
110.180254
173.50589749999997
760.6946562500001
930.3836825000001
470.2510070625
175.87841031250002
174.07554625000003
161.2542343125
136.97764393750003
70.9179925625
13.858038187500002
48.87935638125
89.22230718750001
-26.1257815375
-329.18590543749997
-202.00616837499996
-128.54444506250002
-137.148141875
-166.00982668749998
-118.95398137499998
64.7654485625
150.0907993125
674.950943125
711.06285125
124.7109985625
12.19935416875
4.29404914375
9.673822525
32.733891012499996
-66.790347125
-99.10240175
-145.78351975
-148.9099025625
-418.156929
-721.5393831250001
-366.611557
-223.80346300000002
-283.943882
-221.9892501875
-225.2795219375
115.44389725
171.97137831250004
801.8225100000001
921.3587187500001
453.3486938750001
157.75296212499998
169.78670118749994
168.6143111875
154.84135625
84.66320037499999
17.1802938
48.170876500000006
80.8844375625
-48.2710981375
-305.006389625
-156.60042762499998
-75.811162
-127.57832525
-144.6115970625
-119.48944093749999
73.78862381249999
135.0903129375
714.2358399999999
666.36505125
120.2702426875
1.1440292
12.196044925
6.110313535
-5.80224514
-61.577768324999994
-107.88763043749998
-139.08353806250003
-180.43035506250004
-446.195755
-749.811325
-362.3883438125
-236.77188875000002
-282.4616050625
-223.27825543749998
-227.15070725
112.066640875
170.23185731249998
765.656356875
932.400665
493.0417633125
192.58314131250003
181.0298538125
177.35288618749996
149.8024273125
80.08535387500001
21.098513606250002
42.595548631250004
85.89705468749999
-2.189255953125
-297.6049423125
-150.8523845625
-106.52881625
-121.2502384375
-136.7185783125
-110.119743375
72.3913621875
125.14780999999999
370.42278287500005
289.81662750000004
144.127512
111.2056255625
67.88552762500001
39.08735036875
14.435569049999998
-65.3724431875
-129.60952756249998
-152.6394939375
-178.21201325
-300.2264404375
-282.2477721875
-182.66931531249998
-200.57329175
-189.6393966875
-219.12303925
-188.82280350000002
123.28364375
88.10490606249999
239.088230125
289.46161268750006
327.6553345
292.29679106249995
240.23715975000002
243.6304664375
187.60786056249998
126.67554856249998
95.5502319375
107.97413825
47.898898125
-27.985696793749998
-62.7041483125
-35.8486127875
-32.33237743125
-61.74196243125
-134.48347093750002
-39.74004506875
34.351289275
16.2954831125
18.17131280625
57.6190471625
102.4619960625
55.4786396
35.20048618125
24.27658319375
36.070642468749995
-36.66345835
-45.9787845625
-84.0201186875
-143.553524
-152.7799034375
-176.9936943125
-136.98252675000003
-145.2856445
-161.578369125
-160.915985125
-91.276512125
106.32474900000003
39.610672
31.514379981250002
179.5722389375
229.869670875
186.05964662500003
180.01220706249998
165.06813050000002
150.190868375
110.1553535625
69.7339391875
79.12994862500001
17.92186379375
-16.7404878125
-22.43132353125
-21.051082612499997
-43.638567925000004
-69.677209875
-95.81796643750002
-27.641069887500002
94.4641971875
229.2718124375
829.6003725
570.986709625
112.0723151875
12.6498746875
11.85472726875
-12.54193186875
-12.3570907125
-72.352285375
-125.2073765
-153.691501625
-228.5419845625
-475.9274291875
-763.63021875
-387.0498275625
-221.02888106249998
-262.21740725
-196.879158
-192.35574725000004
126.898841875
186.5254593125
784.647216875
908.2698825
433.4693527499999
161.32261275000002
157.88043975
151.3117313125
144.181404125
76.36710168750001
1.047275215625
21.0239791875
53.0493927
-51.032686231250004
-325.835990875
-217.0477104375
-103.95238875000001
-149.70299718750002
-141.408624625
-109.08207893750001
81.69566156249999
141.35395050000002
705.2402493750001
670.3633118749999
116.3534450625
3.6318987606250004
7.5832116625
12.031373975
0.36306381249999997
-63.3295821875
-114.0283584375
-147.8325271875
-218.96947862500002
-432.47722625
-728.9916231250002
-355.494804375
-240.37330624999998
-276.29188537500005
-217.1955299375
-210.99010468749998
125.157899875
176.56215668749996
790.7537843750001
942.424926875
434.33086393749994
167.18820574999998
177.57761
168.92000199999998
150.5504608125
75.2791690625
5.51592290375
34.49752330625
59.939880368749996
-63.1445836875
-331.53476712500003
-185.087623625
-122.219982125
-146.50854112500002
-166.62139893749998
-108.94310000000002
70.012226125
156.61886212500002
715.59455875
726.73996
115.2965545625
19.378058912500002
11.03578448125
6.73858404375
8.406251075
-55.4523229625
-103.6553478125
-136.70534131250002
-181.5891075
-394.8512649375
-735.7530975
-388.17581175
-225.84672925
-268.54257581250005
-252.8525924375
-223.66889956250003
111.0036086875
183.135604875
770.789336875
946.0643768749999
469.22847749999994
182.26055143750003
169.16662218750002
176.75472262499997
148.47623825
79.28185462500001
13.85504484375
37.57379531875
62.8426599375
-27.67290115625
-332.145156875
-179.19656756250004
-118.7015438125
-134.6862793125
-146.105527875
-107.00596812500001
72.0352315625
143.3604145
633.6845400000001
651.4035799999999
113.950662625
21.6610741625
1.95840150125
-4.133160114374999
-11.4926087875
-79.11623956249998
-112.43569375
-129.902153
-214.33616637499998
-380.52036287500005
-730.480270625
-403.004150375
-204.3463135
-265.2390670625
-230.58444975000003
-213.86766431249998
125.047912625
183.3803176875
796.174850625
920.91766375
493.96408081249996
181.3100433125
159.06859400000002
168.7104225
148.952608125
75.77413081249999
10.04586815625
19.849852325
64.806733125
-46.44301414375
-321.036644
-166.0919189375
-90.7880115625
-134.266481375
-142.18211175
-113.20184706250001
71.0382270625
139.942503
778.0993649999999
617.0176696875
133.87426375
26.703312399999998
15.35110711875
-4.77986753
-8.86480808125
-74.92634775
-113.07436943749998
-137.81139374999998
-204.42604062499998
-376.0925293125
-703.121490625
-380.0048065
-224.56182481249996
-276.67795181249994
-228.2411575625
-224.77392193750003
102.05260275
183.162078875
793.649444375
942.3496243750001
509.3519210625001
182.39812850000004
179.600448625
178.87763975
142.00490949999997
82.80328750000001
25.522093775000002
15.767905712500001
68.89593124999999
-30.15950918125
-311.39482499999997
-165.295276625
-92.9411888125
-133.80020143750002
-137.99308775
-121.3755130625
68.50970268750001
125.2730941875
406.305122375
268.17367556249997
149.72222331250003
115.79671862500001
89.0932464375
107.0645904375
17.1640622625
-17.038629056250002
-102.0699405625
-136.48158075
-200.42493818750003
-299.0604973125
-229.22153475000002
-202.92997362500003
-204.64176175000003
-210.0900840625
-235.29277800000003
-235.37771225
116.51432993750001
86.44558906249999
200.01791
276.60861968750004
329.1075897500001
266.3180160625
283.0224228125
204.35197831250002
214.8073959375
111.0116481875
109.8471355625
101.91062925
32.36310481875
-24.01295185
-36.72459840625
-33.33348035625
-31.9355917
-56.36943816875
-98.61042975000001
-22.419662475000003
37.01549053125
24.556760787499996
3.18862676625
47.26117134375001
87.371683125
70.44399262499999
57.71580219375
41.175913812500006
24.8394584625
-16.1547637
-46.568450925
-110.4353809375
-104.12509918749998
-165.13690949999997
-201.81549074999998
-141.31226537499998
-146.72096249999998
-245.1275635
-178.161754625
-133.7693214375
120.49464225
18.817862275
51.65418148125
198.68005749999998
229.593277
224.51383593749998
179.36660768750002
174.3196296875
135.3689098125
100.74138643750001
74.05335906250001
89.52359199999998
4.5096182825
-47.306709287500006
-13.402948381249999
-28.020679949999998
-73.6289930625
-82.12175368750002
-91.02406500000001
-23.050928118749997
104.73917962499999
221.1681175
656.8750762500001
559.567871125
91.9771099375
29.1353988625
-4.346522986875
8.51167201875
-1.56271874875
-65.0322294375
-115.53402900000002
-157.2717094375
-198.470230125
-447.5562668124999
-764.235153125
-360.65708162500005
-219.68259812499997
-257.62348175
-211.72246931249998
-191.53348925000003
129.62008475
176.23407362500004
803.15307625
929.514770625
395.11791231250004
164.48965075
156.8035411875
152.29125025000002
136.0217666875
62.602191
-9.095820187500001
22.97166585625
50.142359731250004
-74.23394206249999
-305.330047625
-207.03817368749998
-114.3996143125
-164.36792375
-157.258319875
-125.01954081250003
83.48104475
146.70157431250001
740.9881593750001
732.1738431250001
112.32003212500001
16.478905675
22.66879796875
24.427072999999993
-2.575011253125
-73.511281
-100.326166125
-132.85488131249997
-174.82547762500002
-384.09008024999997
-672.249298125
-355.999374375
-244.20084
-276.66645050000005
-216.0753631875
-222.1261978125
132.31958387499998
177.39418031249997
799.345474375
925.31715375
456.0136795
165.83065031249998
168.00258637499996
175.30593875
135.9893035625
63.2637119375
9.21495020625
37.94725895
60.31318664375
-75.142078375
-327.88784024999995
-180.5745315625
-111.10619543749999
-155.8899784375
-147.37814906249997
-128.6514473125
80.11308668750002
140.086851125
704.13597125
671.57966625
159.93040087499998
16.1758792375
11.31533145625
6.78727626875
9.4336712375
-55.013308525
-114.262199375
-130.2359104375
-193.088817625
-404.6691513125
-735.7971193750001
-378.9239120625
-216.72956468750002
-261.9564438125
-227.8706931875
-216.6492653125
110.71539881250001
177.35084531249998
747.6422881249999
937.38113375
462.3797226250001
175.3346061875
171.72430037500004
176.55569075
144.02791975
75.818724625
12.175086737500001
38.25958251875
82.56534575000002
-55.928058625
-335.17581937500006
-200.873489375
-112.232885375
-143.556280125
-150.4105281875
-128.68327143750003
72.11449624999999
144.2122840625
651.1336518749999
686.4098356249999
137.8835678125
25.2928161625
12.75434970625
5.761274099375
6.3146942875
-66.65908337500001
-103.8745403125
-151.140441875
-145.60568812499997
-402.492637625
-755.53634625
-369.2743683124999
-216.47584912500002
-272.14019775
-227.2729110625
-221.236496
120.66702843750001
165.63526156249998
756.3336181249999
947.9588318750001
455.0116348125
173.97958756250003
167.0585250625
158.42661856249998
150.34151075
83.72323987499999
7.861812712500001
35.454032418749996
84.02721406250001
-55.001487731249995
-304.5218276875
-154.6972560625
-82.39311218750001
-136.88814162499997
-132.80351637500002
-110.53197862500001
75.6671333125
126.3911151875
663.5289
630.657463125
123.16199300000001
9.2384296625
15.30430555625
12.096296550000002
-16.31061076875
-65.07367612499999
-112.2007465625
-138.33267212500002
-202.38750456250003
-439.74189756250007
-733.807601875
-399.38037875
-208.89610287500003
-264.60622787500006
-189.78986737500003
-222.93300631250003
113.5048770625
164.06782149999998
767.9784393749999
927.620925625
496.5904617499999
164.2101096875
158.22822568750001
162.08530425000004
140.7707500625
64.64253425
3.4870830181250003
30.13965368125
67.22321987499998
-14.10338998125
-304.6458435
-209.65753556249996
-107.70562175
-110.5937480625
-127.9361915625
-125.1041603125
80.52279475
116.53481481249999
440.5944824375
213.197250375
137.13286399999998
99.26454543749999
96.04944231249999
50.74242115
21.41903161875
-56.968240737500004
-104.66180800000001
-139.7105503125
-202.3410225
-274.50523375
-281.60577775
-165.24383543750002
-171.39858243749998
-211.393432625
-214.4010734375
-186.331005125
122.00630187499999
86.33717537499999
174.82625962499998
264.5214653125
332.5045395
261.24694825
254.99528887499997
217.28391649999998
175.89212418749997
131.233387
108.45633506249999
116.99967381249999
56.23407840625
-31.7244339
-26.323072912500002
-23.76460790625
-38.145179750000004
-53.489036562500004
-109.84634399999999
-47.117457387500004
31.940948962500002
25.942990781250003
-23.137912749999998
45.01944065
88.1587981875
65.24701118750001
75.7960319375
61.5979385375
24.486479756250002
-35.38942575625
-62.979912750000004
-99.67062949999999
-80.93250275000001
-133.5348415625
-161.04599000000002
-103.9519119375
-144.81376649999999
-152.028875375
-175.5901336875
-108.76865387499998
34.655418393750004
-1.5039414168749998
46.00179195625
183.8210678125
203.5837745625
170.344848625
161.63730618750003
136.97748181250003
103.95033837500002
86.9457435625
86.740579625
47.92521
9.5277464375
5.939812064374999
11.16704821875
-14.819748399999998
-43.5430765125
-72.6187515
-95.27431487500002
-56.3287830375
84.113407125
274.075832375
647.566680625
598.5111618125
98.4328365625
17.8854632375
1.181218028125
-3.00457358375
-12.268531325000001
-88.762483625
-130.2921676875
-153.5761546875
-239.61109162500003
-460.67108156250004
-773.7494662500001
-384.099617
-217.66819
-267.1516990625
-200.09922024999997
-202.4424361875
135.67477225000002
178.24211118749997
798.42918375
934.6363831250001
441.8577956875001
180.70003512499997
154.5162773125
161.864852875
152.149896625
82.43534087500001
11.4540016625
28.89130830625
67.8023243125
-14.871907231249999
-319.57738874999995
-199.29218293749997
-108.1782055
-131.5094661875
-151.6957569375
-106.37170793749999
70.52924156249999
142.94817925
685.633086875
657.4800875
115.69066050000002
3.352509736875
-11.5931439375
-14.52869773125
-45.62281131875
-76.30722043749999
-133.05012699999997
-140.2964305625
-185.53932187499998
-404.19158937500004
-733.5033418750002
-337.335929875
-220.61042787500003
-258.4594345
-221.27920149999997
-211.737270375
130.847005875
178.9293289375
796.5221406249999
945.099258125
452.308349625
194.5472145
166.33539199999998
157.5460625
149.089069375
78.0242109375
15.138689281249999
33.56449365625
81.14318849999998
-94.00579449999998
-319.989070875
-178.8510895
-100.22704124999998
-129.730234125
-144.6719455625
-114.80475425000002
79.32345387500001
143.3479595
644.4866181250001
657.473755
131.2789249375
17.05911398125
5.874889493125
3.24740409875
-18.83362055
-74.4211483125
-114.89457131249999
-137.71432875
-190.440044375
-410.6465911875
-755.630798125
-376.910209625
-225.86029050000002
-268.37491987500005
-220.68700787500003
-217.8352928125
120.26189806250001
170.3598213125
777.231979375
926.2613675
488.3892059375
184.39434050000003
161.89069750000002
168.14739225
134.47732925
75.23694037499999
5.134106874375
33.90628338125
89.12586212500001
-34.4920086875
-315.97740175
-187.9895973125
-107.782363875
-128.1708240625
-147.47332575
-120.9180545625
72.480239875
147.5591278125
698.69377125
648.2094575000001
130.77719687500002
-1.1208649725
-5.647029280625
-16.620727775
-25.895714762500003
-79.429349875
-126.834859875
-152.2659588125
-204.96252062500002
-405.90606687499996
-726.7028043749999
-340.6615829375
-218.3140945625
-262.12112425
-215.53377149999994
-210.51225662500002
131.21211050000002
193.9469909375
836.9506837499999
916.745453125
466.4760208125
191.404590625
162.5080871875
172.43167874999997
144.6667480625
77.13482856249999
2.974003255625
16.965038775
74.3150996875
-50.89811325
-294.55789568750004
-162.86413193750002
-80.3752994375
-139.44155693749997
-140.46196937499997
-117.62858393750001
71.95849418750001
134.1404151875
685.77652
609.2514801250001
131.135692625
18.40973019375
7.19714165
5.088566541875
-22.8857851
-68.57509612499999
-95.7147503125
-145.1944065
-198.056583375
-406.85066225
-769.495468125
-383.4947586249999
-212.9443359375
-265.71023943750004
-209.07905581250003
-226.64037706250002
103.9385223125
175.091781625
728.3489987500001
942.2514343749999
476.36920931249995
199.2705154375
175.18947600000004
169.32783125
145.560379
110.9276580625
10.537202356249999
38.65904808125
78.8968896875
0.7710378618750001
-307.34399793750003
-168.11714175000003
-102.59830475
-99.02928349999999
-132.2705745625
-114.1008376875
70.83305837500001
112.27890012499998
306.23565675000003
213.27209475
143.7497901875
103.7119198125
66.51521206249998
80.57495118749999
12.441711425
-41.38880253125001
-114.96894837500001
-155.63012125
-188.7392044375
-277.3540496875
-259.9983596875
-192.3980521875
-183.14111712499997
-205.21575925000002
-240.62156675
-218.62068175000002
119.57988737500001
78.41469287499999
177.6308631875
287.2238159375
327.115440375
268.710250875
276.6796875
255.99071500000002
237.0868110625
132.1650028125
110.4399490625
115.6107711875
52.16016769375
-16.693214175
-40.63745975625
-17.7724778625
-11.611580850000001
-69.98228549999999
-118.06081768750002
-66.04074
41.1031103125
23.45638036875
3.7329074737499996
61.80909156875
88.7982559375
72.12001325
62.18980789375
54.043560025000005
34.814417362499995
-16.75608873125
-77.35638618750001
-109.3821144375
-130.8495235625
-157.589311625
-159.73326681249998
-179.14054868749997
-109.155511875
-189.99961850000003
-156.7919635625
-100.5384254375
81.703701
18.0517089375
29.16785955625
164.35083387499998
226.76219937500002
177.15087893749998
186.43831250000002
175.694046
151.01973531250002
92.23617556250002
67.8448725
56.174511912499995
32.74854421875
-9.343850612499999
-10.28617739375
-26.029658318750002
-64.32595731250001
-92.17771531250001
-126.45918843749999
-29.1995334625
106.8556404375
371.8904876875
540.8647155625
525.7420730624999
99.73886487500002
25.31881570625
4.33785617375
-10.94911575625
-13.87411236875
-78.79587649999999
-127.80019762499998
-161.22640612499998
-221.66038512499998
-475.3969955625
-783.3339693749999
-319.33889387500005
-235.9856415
-261.0339736875
-208.32544324999998
-186.35400774999997
127.597236625
175.534572625
789.233169375
922.6420593749999
403.363266
185.3453445625
174.1472435
160.84121706250002
143.536739375
84.8756218125
12.767429349999999
35.4448938375
66.526718125
-108.28299525
-313.22715756250005
-182.7908134375
-103.81434437499999
-149.21599387499998
-131.8468475625
-111.19554518750002
81.9830894375
128.915233625
663.3228299999998
656.83555625
123.90387537500001
18.88530611875
18.30352186875
9.8331362
-13.58101368125
-58.36755275625001
-118.6298370625
-139.61112025
-219.14674756250002
-406.09901431249995
-741.266784375
-380.5454635625
-206.37350081250003
-265.1181411875
-228.1419563125
-214.95922087499997
118.8050746875
173.5902023125
751.82052625
921.339798125
487.17380525
172.6970481875
179.40443037500003
181.4643096875
153.73184206250002
76.7545890625
24.18061733125
45.94852924375
78.538236625
-33.47388505625
-321.63822175
-167.28889462500004
-83.195819875
-134.14782524999998
-141.30682943749997
-115.541906375
73.77507212500001
136.68533325
707.6004793750001
636.69117
113.4486198125
23.15036058125
13.28145385
0.058462098124999994
-18.03106665625
-81.00514412499999
-120.3331184375
-158.4391403125
-194.80918881250003
-428.812255875
-775.745239375
-354.56554412500003
-214.05866625000002
-260.973148375
-223.53511812500003
-221.90919875000003
114.07373431250001
184.90270612499998
753.851394375
926.7675018749999
464.77890012500006
187.21424100000002
182.5753975
167.37604143750002
155.04573825
93.04061887499998
14.960466625000002
44.043393137500004
84.97442243750001
-52.1814394
-321.93832399999997
-181.279621125
-72.92571543749999
-116.7177676875
-128.2732486875
-113.15630912499999
75.1286840625
126.3504600625
615.6104660000001
628.953705
104.6285629375
16.23150586875
11.476219893749999
-0.9636003525000001
13.961569068749998
-57.48463153750001
-99.73728181250002
-131.4790535
-269.2749214375
-441.7679214375
-751.489639375
-344.2568970000001
-218.09577943750003
-271.976718875
-227.388496375
-230.1183319375
97.12145806250001
151.84229850000003
793.407745625
909.564514375
481.2815856875
173.1560706875
176.8528938125
200.721035
160.59001925
112.42733956250001
51.93845271875
50.24321079375
83.983564375
-70.41420937500001
-300.30183793749995
-142.09646224999997
-68.75363349999999
-101.880216625
-127.873001125
-117.30648993750002
68.227005
122.52379418749999
565.6209564375
627.7693175
93.49917412499998
9.260491131250001
1.5214328468749998
6.100543737500001
-23.1987381
-79.3693113125
-120.133314125
-135.1369571875
-234.65339662500003
-471.3844680625
-720.1297
-361.0675811875
-202.26285937499998
-257.681713125
-211.7749405
-230.8974075625
108.30568312499999
163.43606949999997
785.7244875000001
913.1375125
517.4729538125
181.7860794375
178.18996431249997
175.15638350000003
149.7132396875
78.2481336875
21.302266118749998
39.8483014125
77.98749443749999
-35.76840400625
-310.4743957499999
-155.077734
-66.799016
-102.3212814375
-106.16654393750002
-104.80111125
76.10095025000001
92.03541756249999
305.1124381875
222.6376915
130.163421625
77.0344495625
51.49061203125
57.15450286875
-0.042861699999999996
-38.475625512499995
-98.6652755625
-112.1520519375
-218.5407829375
-271.2614631875
-226.17181775
-199.7109413125
-190.890483875
-213.06756975000002
-253.88664243749997
-205.8731841875
108.07215687499999
91.34742737500002
212.98782350000005
285.09128568750003
324.06597137499995
218.32189562500002
263.3960151875
247.43698118749995
203.04517743749997
111.4419936875
97.8600406875
68.7363004375
57.7859258625
-19.144052268750002
-29.11838054375
-15.51514745
-19.7967481625
-61.55601978125
-122.46943475
-45.70538520625
58.02985668125
44.475474356250004
9.937611225000001
64.60849762500001
68.61717225000001
58.76433849375
46.565613743750006
38.649435043749996
30.759415625000003
4.61204499
-67.80673981250001
-75.71629525000002
-142.04872131249996
-184.33366775
-152.8013325
-183.9170265
-142.59158137499998
-168.8041115
-171.3540649375
-109.32806012499998
81.412487
30.7173419
35.8281278625
158.25296400000002
239.66041562499998
189.8135185
152.91715625
169.29803850000002
174.55570218749997
104.28755762499998
106.6358185
55.8489513375
18.18092465625
-21.477966306249996
-19.15287733125
-20.4726076125
-24.66485976875
-75.430603
-127.49402043749998
-50.6236076375
74.95266437499998
372.652397125
682.6742556249999
442.07794187499996
122.23353387499999
22.631449699999997
28.47655773125
0.44547803687500004
1.8635384737500003
-69.4923686875
-121.72959325
-156.50705337500003
-197.4989128125
-419.12769318750003
-672.4303437499999
-342.7023696875
-218.4087371875
-249.31564331250001
-222.91582106250002
-198.4703255
112.7711868125
159.3895816875
715.09765625
836.541748125
382.6380538750001
187.29822156249998
170.97517012499998
182.5334930625
171.37289049999998
83.11151506249999
35.72664499375
61.560907362500004
72.4487209375
-11.803671118750001
-273.001461
-131.281766875
-45.2097988125
-92.9071521875
-104.64888574999998
-81.56818387499999
85.02075193750001
64.990944875
70.98259924999999
108.4144210625
91.11136437500001
44.79362964375
64.567685125
34.0187954875
59.6226739875
9.29342508125
-21.726942062499997
-60.8327293375
-137.191162125
-205.361919375
-152.1998500625
-143.9756011875
-183.86417387499995
-167.119655625
-195.46543118749997
-207.8236198125
87.75129318749998
2.92909294375
65.34786224999999
198.237419125
181.15167618749996
162.40850449999996
137.95211793750002
119.06538962500001
150.0802421875
108.75872612500001
79.48765275000001
87.76610374999998
45.84626198125
4.10006821125
-2.6301640275
-11.545870306249999
-15.826052424999999
-61.033959387500005
-114.066486375
-37.722237112500004
75.276651375
296.6411018125
709.8846437500001
553.4442901875
108.6323451875
35.034556387500004
43.71861934374999
2.2075352075
-10.58085203125
-82.41437912499998
-109.5499325
-162.775745375
-233.34627149999994
-400.6458663750001
-830.7676693750001
-377.0532608125
-211.9664764375
-246.61125181249997
-234.51148987500002
-198.32313537500002
109.945144625
174.51330187500002
713.4339143750001
911.852416875
448.08109281250006
178.44461443750004
181.1203003125
172.169303875
121.7160415625
77.17044356250001
12.21117258125
36.29361868125
67.1865034375
-21.9365239125
-308.12583925
-195.52452087499998
-82.1614646875
-146.19054793749999
-130.8232116875
-110.24233818749998
84.03635025
121.221714
537.12566375
638.23387125
122.5324630625
4.2206168175
5.561935901875
-7.8121751562499995
-27.132716181249997
-82.42258075000001
-125.08934975
-148.48198893750003
-230.70877074999999
-405.1984405625
-732.5326537500001
-323.746337875
-219.18575287500002
-258.32447049999996
-198.699359875
-216.862316125
133.26443675000002
158.73452187499998
760.8842468749999
915.8554075
439.85652925
182.089901
173.2231903125
161.2784958125
131.69053075
70.0541400625
13.44911933125
25.22080183125
56.111640931249994
-84.686365125
-282.3895073125
-161.03612900000002
-89.8783111875
-114.3197155
-121.3060188125
-96.9861030625
85.5773258125
108.15740587500001
554.5880126875
600.9814071875
116.82224275000002
18.7264657
9.815801975
13.683440687500001
-5.185793041875
-60.631184575
-109.1640281875
-133.743476875
-210.0263595625
-414.74117281249994
-678.516693125
-350.82607268749996
-201.7816161875
-256.11173631250006
-212.21080781249998
-225.31749725
114.8033333125
149.07567024999997
745.0912475000001
909.99534625
404.24808500000006
174.76480481250002
170.2515601875
165.681743625
137.730712875
73.169808375
22.98159360625
26.21339559375
67.641592
-35.81709623125
-276.411800375
-163.31403731249998
-71.437692625
-123.44027518750002
-114.78190425000001
-101.95585249999999
85.98876956250001
102.598466875
191.52515412500003
182.539482125
131.66909218749998
86.69456481249998
125.42011262499999
70.1174879375
22.523350718750002
-49.6368455875
-113.9336490625
-148.552742
-212.42149350000003
-322.62252806249995
-183.349666625
-185.255432125
-177.13014600000002
-196.4395904375
-187.24582675
-190.005683875
106.6005134375
47.78701305625
165.3232574375
261.47323606249995
305.7263565
259.5681
241.40607831250003
199.14033887499997
172.223358125
95.915660875
78.00592900000001
87.33355525
11.922328474999999
-11.86071515
-17.3791587375
-11.890182493749998
-35.98602295
-68.96195412499999
-115.435695625
-36.1788988125
77.7099943125
83.11655999999999
57.6581287375
95.92275618750001
69.01316643749999
61.83131218125
56.2637043
46.076326368749996
-0.01701861625
-64.719591125
-68.4591198125
-101.66496275
-136.1468791875
-130.800361625
-148.4660720625
-124.8451041875
-122.054519625
-133.2712078125
-165.200729375
-95.7232570625
63.4411478125
61.1278772375
89.36365125
188.23755262499998
213.99129868749998
182.77254106249998
141.448650375
141.0725116875
100.13202668749999
87.37609862500001
59.66222763125
63.940200812499995
53.24778556875
-13.113946912500001
-10.988353493750001
-21.413989068750002
-47.01897144375
-82.75791168750001
-114.560031875
-28.80259036875
97.574977875
210.30235287500003
437.4835586249999
426.35715487499994
108.991155625
31.45103454375
31.448040006250004
14.026491643750001
-13.727247712499999
-72.73772237499999
-107.517948125
-140.19652368750002
-189.5136451875
-330.01461031249994
-538.7819671875
-246.5159225625
-184.17617800000002
-223.22940824999995
-180.48511506250003
-157.7640724375
30.15226125625
59.9160862
474.039688125
829.6252443750001
379.7857284375
192.4485588125
180.53504943750002
139.84559056249998
215.88335037500002
84.036512375
48.35052013125
49.0481233625
94.06756399999999
6.9799965625
-190.358276375
-96.15801812500001
-56.96052074375
-132.35031125
-80.59701918750001
-64.6100759375
