2011,1,1,6,공,2호선,선릉(220),758
2011,1,2,7,일,2호선,선릉(220),669
2011,1,3,1,월,2호선,선릉(220),2067
2011,1,4,2,화,2호선,선릉(220),2519
2011,1,5,3,수,2호선,선릉(220),2426
2011,1,6,4,목,2호선,선릉(220),2509
2011,1,7,5,금,2호선,선릉(220),2839
2011,1,8,6,토,2호선,선릉(220),1241
2011,1,9,7,일,2호선,선릉(220),604
2011,1,10,1,월,2호선,선릉(220),2242
2011,1,11,2,화,2호선,선릉(220),2917
2011,1,12,3,수,2호선,선릉(220),2553
2011,1,13,4,목,2호선,선릉(220),2892
2011,1,14,5,금,2호선,선릉(220),2654
2011,1,15,6,토,2호선,선릉(220),1074
2011,1,16,7,일,2호선,선릉(220),563
2011,1,17,1,월,2호선,선릉(220),2324
2011,1,18,2,화,2호선,선릉(220),2443
2011,1,19,3,수,2호선,선릉(220),2622
2011,1,20,4,목,2호선,선릉(220),2812
2011,1,21,5,금,2호선,선릉(220),2903
2011,1,22,6,토,2호선,선릉(220),1269
2011,1,23,7,일,2호선,선릉(220),986
2011,1,24,1,월,2호선,선릉(220),2600
2011,1,25,2,화,2호선,선릉(220),2197
2011,1,26,3,수,2호선,선릉(220),2698
2011,1,27,4,목,2호선,선릉(220),3029
2011,1,28,5,금,2호선,선릉(220),3051
2011,1,29,6,토,2호선,선릉(220),1076
2011,1,30,7,일,2호선,선릉(220),670
2011,1,31,1,월,2호선,선릉(220),2756
2011,2,1,2,화,2호선,선릉(220),1254
2011,2,2,3,공,2호선,선릉(220),349
2011,2,3,4,공,2호선,선릉(220),279
2011,2,4,5,공,2호선,선릉(220),594
2011,2,5,6,토,2호선,선릉(220),832
2011,2,6,7,일,2호선,선릉(220),667
2011,2,7,1,월,2호선,선릉(220),2263
2011,2,8,2,화,2호선,선릉(220),2553
2011,2,9,3,수,2호선,선릉(220),2708
2011,2,10,4,목,2호선,선릉(220),2676
2011,2,11,5,금,2호선,선릉(220),2817
2011,2,12,6,토,2호선,선릉(220),1226
2011,2,13,7,일,2호선,선릉(220),636
2011,2,14,1,월,2호선,선릉(220),2396
2011,2,15,2,화,2호선,선릉(220),2771
2011,2,16,3,수,2호선,선릉(220),2542
2011,2,17,4,목,2호선,선릉(220),2659
2011,2,18,5,금,2호선,선릉(220),2770
2011,2,19,6,토,2호선,선릉(220),1357
2011,2,20,7,일,2호선,선릉(220),722
2011,2,21,1,월,2호선,선릉(220),2466
2011,2,22,2,화,2호선,선릉(220),2718
2011,2,23,3,수,2호선,선릉(220),2638
2011,2,24,4,목,2호선,선릉(220),2968
2011,2,25,5,금,2호선,선릉(220),3087
2011,2,26,6,토,2호선,선릉(220),1395
2011,2,27,7,일,2호선,선릉(220),703
2011,2,28,1,월,2호선,선릉(220),3130
2011,3,1,2,공,2호선,선릉(220),895
2011,3,2,3,수,2호선,선릉(220),2465
2011,3,3,4,목,2호선,선릉(220),2700
2011,3,4,5,금,2호선,선릉(220),2979
2011,3,5,6,토,2호선,선릉(220),1184
2011,3,6,7,일,2호선,선릉(220),673
2011,3,7,1,월,2호선,선릉(220),2464
2011,3,8,2,화,2호선,선릉(220),2473
2011,3,9,3,수,2호선,선릉(220),2717
2011,3,10,4,목,2호선,선릉(220),2934
2011,3,11,5,금,2호선,선릉(220),2922
2011,3,12,6,토,2호선,선릉(220),1386
2011,3,13,7,일,2호선,선릉(220),712
2011,3,14,1,월,2호선,선릉(220),2198
2011,3,15,2,화,2호선,선릉(220),2576
2011,3,16,3,수,2호선,선릉(220),2681
2011,3,17,4,목,2호선,선릉(220),2751
2011,3,18,5,금,2호선,선릉(220),3145
2011,3,19,6,토,2호선,선릉(220),1333
2011,3,20,7,일,2호선,선릉(220),719
2011,3,21,1,월,2호선,선릉(220),2543
2011,3,22,2,화,2호선,선릉(220),2640
2011,3,23,3,수,2호선,선릉(220),2710
2011,3,24,4,목,2호선,선릉(220),2777
2011,3,25,5,금,2호선,선릉(220),3031
2011,3,26,6,토,2호선,선릉(220),1375
2011,3,27,7,일,2호선,선릉(220),723
2011,3,28,1,월,2호선,선릉(220),2531
2011,3,29,2,화,2호선,선릉(220),2685
2011,3,30,3,수,2호선,선릉(220),2900
2011,3,31,4,목,2호선,선릉(220),3263
2011,4,1,5,금,2호선,선릉(220),2881
2011,4,2,6,토,2호선,선릉(220),1162
2011,4,3,7,일,2호선,선릉(220),713
2011,4,4,1,월,2호선,선릉(220),2550
2011,4,5,2,화,2호선,선릉(220),2620
2011,4,6,3,수,2호선,선릉(220),2678
2011,4,7,4,목,2호선,선릉(220),2647
2011,4,8,5,금,2호선,선릉(220),2864
2011,4,9,6,토,2호선,선릉(220),1333
2011,4,10,7,일,2호선,선릉(220),644
2011,4,11,1,월,2호선,선릉(220),2597
2011,4,12,2,화,2호선,선릉(220),2623
2011,4,13,3,수,2호선,선릉(220),2692
2011,4,14,4,목,2호선,선릉(220),2799
2011,4,15,5,금,2호선,선릉(220),2622
2011,4,16,6,토,2호선,선릉(220),1270
2011,4,17,7,일,2호선,선릉(220),774
2011,4,18,1,월,2호선,선릉(220),2181
2011,4,19,2,화,2호선,선릉(220),2600
2011,4,20,3,수,2호선,선릉(220),2511
2011,4,21,4,목,2호선,선릉(220),2611
2011,4,22,5,금,2호선,선릉(220),2701
2011,4,23,6,토,2호선,선릉(220),1212
2011,4,24,7,일,2호선,선릉(220),765
2011,4,25,1,월,2호선,선릉(220),2392
2011,4,26,2,화,2호선,선릉(220),2427
2011,4,27,3,수,2호선,선릉(220),2635
2011,4,28,4,목,2호선,선릉(220),2987
2011,4,29,5,금,2호선,선릉(220),3315
2011,4,30,6,토,2호선,선릉(220),1102
2011,5,1,7,일,2호선,선릉(220),695
2011,5,2,1,월,2호선,선릉(220),2606
2011,5,3,2,화,2호선,선릉(220),2726
2011,5,4,3,수,2호선,선릉(220),3179
2011,5,5,4,공,2호선,선릉(220),990
2011,5,6,5,금,2호선,선릉(220),2248
2011,5,7,6,토,2호선,선릉(220),1175
2011,5,8,7,일,2호선,선릉(220),634
2011,5,9,1,월,2호선,선릉(220),2158
2011,5,10,2,공,2호선,선릉(220),908
2011,5,11,3,수,2호선,선릉(220),2741
2011,5,12,4,목,2호선,선릉(220),2853
2011,5,13,5,금,2호선,선릉(220),3184
2011,5,14,6,토,2호선,선릉(220),1588
2011,5,15,7,일,2호선,선릉(220),801
2011,5,16,1,월,2호선,선릉(220),2589
2011,5,17,2,화,2호선,선릉(220),2739
2011,5,18,3,수,2호선,선릉(220),2820
2011,5,19,4,목,2호선,선릉(220),2773
2011,5,20,5,금,2호선,선릉(220),2693
2011,5,21,6,토,2호선,선릉(220),1245
2011,5,22,7,일,2호선,선릉(220),768
2011,5,23,1,월,2호선,선릉(220),2630
2011,5,24,2,화,2호선,선릉(220),2712
2011,5,25,3,수,2호선,선릉(220),2721
2011,5,26,4,목,2호선,선릉(220),3038
2011,5,27,5,금,2호선,선릉(220),2915
2011,5,28,6,토,2호선,선릉(220),1391
2011,5,29,7,일,2호선,선릉(220),734
2011,5,30,1,월,2호선,선릉(220),2394
2011,5,31,2,화,2호선,선릉(220),2973
2011,6,1,3,수,2호선,선릉(220),2503
2011,6,2,4,목,2호선,선릉(220),2854
2011,6,3,5,금,2호선,선릉(220),2909
2011,6,4,6,토,2호선,선릉(220),1369
2011,6,5,7,일,2호선,선릉(220),834
2011,6,6,1,공,2호선,선릉(220),816
2011,6,7,2,화,2호선,선릉(220),2418
2011,6,8,3,수,2호선,선릉(220),2463
2011,6,9,4,목,2호선,선릉(220),2682
2011,6,10,5,금,2호선,선릉(220),2840
2011,6,11,6,토,2호선,선릉(220),1395
2011,6,12,7,일,2호선,선릉(220),802
2011,6,13,1,월,2호선,선릉(220),2436
2011,6,14,2,화,2호선,선릉(220),2589
2011,6,15,3,수,2호선,선릉(220),2607
2011,6,16,4,목,2호선,선릉(220),2888
2011,6,17,5,금,2호선,선릉(220),2938
2011,6,18,6,토,2호선,선릉(220),1334
2011,6,19,7,일,2호선,선릉(220),788
2011,6,20,1,월,2호선,선릉(220),2551
2011,6,21,2,화,2호선,선릉(220),2613
2011,6,22,3,수,2호선,선릉(220),2352
2011,6,23,4,목,2호선,선릉(220),2733
2011,6,24,5,금,2호선,선릉(220),3007
2011,6,25,6,토,2호선,선릉(220),1336
2011,6,26,7,일,2호선,선릉(220),732
2011,6,27,1,월,2호선,선릉(220),2390
2011,6,28,2,화,2호선,선릉(220),2909
2011,6,29,3,수,2호선,선릉(220),2604
2011,6,30,4,목,2호선,선릉(220),3267
2011,7,1,5,금,2호선,선릉(220),2827
2011,7,2,6,토,2호선,선릉(220),1293
2011,7,3,7,일,2호선,선릉(220),677
2011,7,4,1,월,2호선,선릉(220),2572
2011,7,5,2,화,2호선,선릉(220),2696
2011,7,6,3,수,2호선,선릉(220),2669
2011,7,7,4,목,2호선,선릉(220),2451
2011,7,8,5,금,2호선,선릉(220),3267
2011,7,9,6,토,2호선,선릉(220),1368
2011,7,10,7,일,2호선,선릉(220),708
2011,7,11,1,월,2호선,선릉(220),2397
2011,7,12,2,화,2호선,선릉(220),2741
2011,7,13,3,수,2호선,선릉(220),2561
2011,7,14,4,목,2호선,선릉(220),2768
2011,7,15,5,금,2호선,선릉(220),3093
2011,7,16,6,토,2호선,선릉(220),1321
2011,7,17,7,일,2호선,선릉(220),825
2011,7,18,1,월,2호선,선릉(220),2454
2011,7,19,2,화,2호선,선릉(220),2872
2011,7,20,3,수,2호선,선릉(220),2768
2011,7,21,4,목,2호선,선릉(220),2909
2011,7,22,5,금,2호선,선릉(220),2745
2011,7,23,6,토,2호선,선릉(220),1409
2011,7,24,7,일,2호선,선릉(220),780
2011,7,25,1,월,2호선,선릉(220),2333
2011,7,26,2,화,2호선,선릉(220),2621
2011,7,27,3,수,2호선,선릉(220),1678
2011,7,28,4,목,2호선,선릉(220),2873
2011,7,29,5,금,2호선,선릉(220),3082
2011,7,30,6,토,2호선,선릉(220),1199
2011,7,31,7,일,2호선,선릉(220),690
2011,8,1,1,월,2호선,선릉(220),2251
2011,8,2,2,화,2호선,선릉(220),2216
2011,8,3,3,수,2호선,선릉(220),2209
2011,8,4,4,목,2호선,선릉(220),2470
2011,8,5,5,금,2호선,선릉(220),2641
2011,8,6,6,토,2호선,선릉(220),1238
2011,8,7,7,일,2호선,선릉(220),715
2011,8,8,1,월,2호선,선릉(220),2020
2011,8,9,2,화,2호선,선릉(220),2613
2011,8,10,3,수,2호선,선릉(220),2460
2011,8,11,4,목,2호선,선릉(220),2553
2011,8,12,5,금,2호선,선릉(220),2556
2011,8,13,6,토,2호선,선릉(220),1024
2011,8,14,7,일,2호선,선릉(220),803
2011,8,15,1,공,2호선,선릉(220),922
2011,8,16,2,화,2호선,선릉(220),2222
2011,8,17,3,수,2호선,선릉(220),2285
2011,8,18,4,목,2호선,선릉(220),2823
2011,8,19,5,금,2호선,선릉(220),2704
2011,8,20,6,토,2호선,선릉(220),1285
2011,8,21,7,일,2호선,선릉(220),746
2011,8,22,1,월,2호선,선릉(220),2253
2011,8,23,2,화,2호선,선릉(220),2531
2011,8,24,3,수,2호선,선릉(220),2372
2011,8,25,4,목,2호선,선릉(220),2669
2011,8,26,5,금,2호선,선릉(220),2843
2011,8,27,6,토,2호선,선릉(220),1169
2011,8,28,7,일,2호선,선릉(220),792
2011,8,29,1,월,2호선,선릉(220),2212
2011,8,30,2,화,2호선,선릉(220),2497
2011,8,31,3,수,2호선,선릉(220),2758
2011,9,1,4,목,2호선,선릉(220),2571
2011,9,2,5,금,2호선,선릉(220),2651
2011,9,3,6,토,2호선,선릉(220),1310
2011,9,4,7,일,2호선,선릉(220),704
2011,9,5,1,월,2호선,선릉(220),2345
2011,9,6,2,화,2호선,선릉(220),2577
2011,9,7,3,수,2호선,선릉(220),2620
2011,9,8,4,목,2호선,선릉(220),2895
2011,9,9,5,금,2호선,선릉(220),1875
2011,9,10,6,토,2호선,선릉(220),716
2011,9,11,7,공,2호선,선릉(220),386
2011,9,12,1,공,2호선,선릉(220),406
2011,9,13,2,공,2호선,선릉(220),608
2011,9,14,3,수,2호선,선릉(220),1962
2011,9,15,4,목,2호선,선릉(220),2344
2011,9,16,5,금,2호선,선릉(220),2672
2011,9,17,6,토,2호선,선릉(220),1266
2011,9,18,7,일,2호선,선릉(220),712
2011,9,19,1,월,2호선,선릉(220),2268
2011,9,20,2,화,2호선,선릉(220),2497
2011,9,21,3,수,2호선,선릉(220),2486
2011,9,22,4,목,2호선,선릉(220),2682
2011,9,23,5,금,2호선,선릉(220),2868
2011,9,24,6,토,2호선,선릉(220),1321
2011,9,25,7,일,2호선,선릉(220),681
2011,9,26,1,월,2호선,선릉(220),2287
2011,9,27,2,화,2호선,선릉(220),2430
2011,9,28,3,수,2호선,선릉(220),2586
2011,9,29,4,목,2호선,선릉(220),2803
2011,9,30,5,금,2호선,선릉(220),3184
2011,10,1,6,토,2호선,선릉(220),1105
2011,10,2,7,일,2호선,선릉(220),803
2011,10,3,1,공,2호선,선릉(220),846
2011,10,4,2,화,2호선,선릉(220),2404
2011,10,5,3,수,2호선,선릉(220),2576
2011,10,6,4,목,2호선,선릉(220),2727
2011,10,7,5,금,2호선,선릉(220),2834
2011,10,8,6,토,2호선,선릉(220),1396
2011,10,9,7,일,2호선,선릉(220),763
2011,10,10,1,월,2호선,선릉(220),2278
2011,10,11,2,화,2호선,선릉(220),2411
2011,10,12,3,수,2호선,선릉(220),2429
2011,10,13,4,목,2호선,선릉(220),2637
2011,10,14,5,금,2호선,선릉(220),2640
2011,10,15,6,토,2호선,선릉(220),1088
2011,10,16,7,일,2호선,선릉(220),738
2011,10,17,1,월,2호선,선릉(220),2309
2011,10,18,2,화,2호선,선릉(220),2337
2011,10,19,3,수,2호선,선릉(220),2426
2011,10,20,4,목,2호선,선릉(220),2634
2011,10,21,5,금,2호선,선릉(220),2685
2011,10,22,6,토,2호선,선릉(220),1347
2011,10,23,7,일,2호선,선릉(220),698
2011,10,24,1,월,2호선,선릉(220),2131
2011,10,25,2,화,2호선,선릉(220),2344
2011,10,26,3,수,2호선,선릉(220),2369
2011,10,27,4,목,2호선,선릉(220),2731
2011,10,28,5,금,2호선,선릉(220),2675
2011,10,29,6,토,2호선,선릉(220),1117
2011,10,30,7,일,2호선,선릉(220),760
2011,10,31,1,월,2호선,선릉(220),2450
2011,11,1,2,화,2호선,선릉(220),2412
2011,11,2,3,수,2호선,선릉(220),2352
2011,11,3,4,목,2호선,선릉(220),2591
2011,11,4,5,금,2호선,선릉(220),2568
2011,11,5,6,토,2호선,선릉(220),1239
2011,11,6,7,일,2호선,선릉(220),631
2011,11,7,1,월,2호선,선릉(220),2294
2011,11,8,2,화,2호선,선릉(220),2384
2011,11,9,3,수,2호선,선릉(220),2346
2011,11,10,4,목,2호선,선릉(220),2509
2011,11,11,5,금,2호선,선릉(220),2565
2011,11,12,6,토,2호선,선릉(220),1198
2011,11,13,7,일,2호선,선릉(220),688
2011,11,14,1,월,2호선,선릉(220),2227
2011,11,15,2,화,2호선,선릉(220),2282
2011,11,16,3,수,2호선,선릉(220),2492
2011,11,17,4,목,2호선,선릉(220),2702
2011,11,18,5,금,2호선,선릉(220),2727
2011,11,19,6,토,2호선,선릉(220),1403
2011,11,20,7,일,2호선,선릉(220),770
2011,11,21,1,월,2호선,선릉(220),2277
2011,11,22,2,화,2호선,선릉(220),2372
2011,11,23,3,수,2호선,선릉(220),2245
2011,11,24,4,목,2호선,선릉(220),2672
2011,11,25,5,금,2호선,선릉(220),2859
2011,11,26,6,토,2호선,선릉(220),1245
2011,11,27,7,일,2호선,선릉(220),676
2011,11,28,1,월,2호선,선릉(220),2390
2011,11,29,2,화,2호선,선릉(220),2382
2011,11,30,3,수,2호선,선릉(220),2747
2011,12,1,4,목,2호선,선릉(220),2665
2011,12,2,5,금,2호선,선릉(220),3179
2011,12,3,6,토,2호선,선릉(220),1354
2011,12,4,7,일,2호선,선릉(220),690
2011,12,5,1,월,2호선,선릉(220),2260
2011,12,6,2,화,2호선,선릉(220),2592
2011,12,7,3,수,2호선,선릉(220),2574
2011,12,8,4,목,2호선,선릉(220),2749
2011,12,9,5,금,2호선,선릉(220),2997
2011,12,10,6,토,2호선,선릉(220),1626
2011,12,11,7,일,2호선,선릉(220),765
2011,12,12,1,월,2호선,선릉(220),2446
2011,12,13,2,화,2호선,선릉(220),2735
2011,12,14,3,수,2호선,선릉(220),2913
2011,12,15,4,목,2호선,선릉(220),3138
2011,12,16,5,금,2호선,선릉(220),3315
2011,12,17,6,토,2호선,선릉(220),1753
2011,12,18,7,일,2호선,선릉(220),774
2011,12,19,1,월,2호선,선릉(220),2554
2011,12,20,2,화,2호선,선릉(220),3048
2011,12,21,3,수,2호선,선릉(220),3192
2011,12,22,4,목,2호선,선릉(220),3458
2011,12,23,5,금,2호선,선릉(220),3701
2011,12,24,6,토,2호선,선릉(220),1259
2011,12,25,7,공,2호선,선릉(220),935
2011,12,26,1,월,2호선,선릉(220),2489
2011,12,27,2,화,2호선,선릉(220),3348
2011,12,28,3,수,2호선,선릉(220),3499
2011,12,29,4,목,2호선,선릉(220),3864
2011,12,30,5,금,2호선,선릉(220),2792
2011,12,31,6,토,2호선,선릉(220),1269
2012,1,1,7,공,2호선,선릉(220),670
2012,1,2,1,월,2호선,선릉(220),2150
2012,1,3,2,화,2호선,선릉(220),2502
2012,1,4,3,수,2호선,선릉(220),2364
2012,1,5,4,목,2호선,선릉(220),2709
2012,1,6,5,금,2호선,선릉(220),2853
2012,1,7,6,토,2호선,선릉(220),1360
2012,1,8,7,일,2호선,선릉(220),651
2012,1,9,1,월,2호선,선릉(220),2435
2012,1,10,2,화,2호선,선릉(220),2582
2012,1,11,3,수,2호선,선릉(220),2434
2012,1,12,4,목,2호선,선릉(220),3000
2012,1,13,5,금,2호선,선릉(220),3077
2012,1,14,6,토,2호선,선릉(220),1395
2012,1,15,7,일,2호선,선릉(220),734
2012,1,16,1,월,2호선,선릉(220),2619
2012,1,17,2,화,2호선,선릉(220),2714
2012,1,18,3,수,2호선,선릉(220),2767
2012,1,19,4,목,2호선,선릉(220),3284
2012,1,20,5,금,2호선,선릉(220),1857
2012,1,21,6,토,2호선,선릉(220),764
2012,1,22,7,공,2호선,선릉(220),367
2012,1,23,1,공,2호선,선릉(220),381
2012,1,24,2,공,2호선,선릉(220),782
2012,1,25,3,수,2호선,선릉(220),1911
2012,1,26,4,목,2호선,선릉(220),2670
2012,1,27,5,금,2호선,선릉(220),3164
2012,1,28,6,토,2호선,선릉(220),1327
2012,1,29,7,일,2호선,선릉(220),649
2012,1,30,1,월,2호선,선릉(220),2398
2012,1,31,2,화,2호선,선릉(220),3592
2012,2,1,3,수,2호선,선릉(220),2496
2012,2,2,4,목,2호선,선릉(220),2465
2012,2,3,5,금,2호선,선릉(220),2917
2012,2,4,6,토,2호선,선릉(220),1199
2012,2,5,7,일,2호선,선릉(220),644
2012,2,6,1,월,2호선,선릉(220),2267
2012,2,7,2,화,2호선,선릉(220),2395
2012,2,8,3,수,2호선,선릉(220),2496
2012,2,9,4,목,2호선,선릉(220),2683
2012,2,10,5,금,2호선,선릉(220),2881
2012,2,11,6,토,2호선,선릉(220),1192
2012,2,12,7,일,2호선,선릉(220),756
2012,2,13,1,월,2호선,선릉(220),2286
2012,2,14,2,화,2호선,선릉(220),2340
2012,2,15,3,수,2호선,선릉(220),2543
2012,2,16,4,목,2호선,선릉(220),2797
2012,2,17,5,금,2호선,선릉(220),2673
2012,2,18,6,토,2호선,선릉(220),1268
2012,2,19,7,일,2호선,선릉(220),711
2012,2,20,1,월,2호선,선릉(220),2400
2012,2,21,2,화,2호선,선릉(220),2470
2012,2,22,3,수,2호선,선릉(220),2677
2012,2,23,4,목,2호선,선릉(220),2959
2012,2,24,5,금,2호선,선릉(220),2868
2012,2,25,6,토,2호선,선릉(220),1213
2012,2,26,7,일,2호선,선릉(220),680
2012,2,27,1,월,2호선,선릉(220),2573
2012,2,28,2,화,2호선,선릉(220),2744
2012,2,29,3,수,2호선,선릉(220),3539
2012,3,1,4,공,2호선,선릉(220),894
2012,3,2,5,금,2호선,선릉(220),2583
2012,3,3,6,토,2호선,선릉(220),1101
2012,3,4,7,일,2호선,선릉(220),731
2012,3,5,1,월,2호선,선릉(220),2389
2012,3,6,2,화,2호선,선릉(220),2520
2012,3,7,3,수,2호선,선릉(220),2533
2012,3,8,4,목,2호선,선릉(220),2765
2012,3,9,5,금,2호선,선릉(220),2924
2012,3,10,6,토,2호선,선릉(220),1295
2012,3,11,7,일,2호선,선릉(220),659
2012,3,12,1,월,2호선,선릉(220),2399
2012,3,13,2,화,2호선,선릉(220),2686
2012,3,14,3,수,2호선,선릉(220),2330
2012,3,15,4,목,2호선,선릉(220),2953
2012,3,16,5,금,2호선,선릉(220),3063
2012,3,17,6,토,2호선,선릉(220),1275
2012,3,18,7,일,2호선,선릉(220),671
2012,3,19,1,월,2호선,선릉(220),2634
2012,3,20,2,화,2호선,선릉(220),2409
2012,3,21,3,수,2호선,선릉(220),2822
2012,3,22,4,목,2호선,선릉(220),2975
2012,3,23,5,금,2호선,선릉(220),3115
2012,3,24,6,토,2호선,선릉(220),1390
2012,3,25,7,일,2호선,선릉(220),768
2012,3,26,1,월,2호선,선릉(220),3392
2012,3,27,2,화,2호선,선릉(220),2810
2012,3,28,3,수,2호선,선릉(220),2962
2012,3,29,4,목,2호선,선릉(220),3038
2012,3,30,5,금,2호선,선릉(220),3228
2012,3,31,6,토,2호선,선릉(220),1269
2012,4,1,7,일,2호선,선릉(220),678
2012,4,2,1,월,2호선,선릉(220),2601
2012,4,3,2,화,2호선,선릉(220),2418
2012,4,4,3,수,2호선,선릉(220),2649
2012,4,5,4,목,2호선,선릉(220),2818
2012,4,6,5,금,2호선,선릉(220),2698
2012,4,7,6,토,2호선,선릉(220),1308
2012,4,8,7,일,2호선,선릉(220),762
2012,4,9,1,월,2호선,선릉(220),2561
2012,4,10,2,화,2호선,선릉(220),3510
2012,4,11,3,공,2호선,선릉(220),1182
2012,4,12,4,목,2호선,선릉(220),2703
2012,4,13,5,금,2호선,선릉(220),2962
2012,4,14,6,토,2호선,선릉(220),1193
2012,4,15,7,일,2호선,선릉(220),811
2012,4,16,1,월,2호선,선릉(220),2423
2012,4,17,2,화,2호선,선릉(220),2592
2012,4,18,3,수,2호선,선릉(220),2493
2012,4,19,4,목,2호선,선릉(220),2579
2012,4,20,5,금,2호선,선릉(220),2767
2012,4,21,6,토,2호선,선릉(220),1093
2012,4,22,7,일,2호선,선릉(220),731
2012,4,23,1,월,2호선,선릉(220),2550
2012,4,24,2,화,2호선,선릉(220),2622
2012,4,25,3,수,2호선,선릉(220),2696
2012,4,26,4,목,2호선,선릉(220),3005
2012,4,27,5,금,2호선,선릉(220),3346
2012,4,28,6,토,2호선,선릉(220),1328
2012,4,29,7,일,2호선,선릉(220),723
2012,4,30,1,월,2호선,선릉(220),2926
2012,5,1,2,화,2호선,선릉(220),1390
2012,5,2,3,수,2호선,선릉(220),2580
2012,5,3,4,목,2호선,선릉(220),2898
2012,5,4,5,금,2호선,선릉(220),3039
2012,5,5,6,공,2호선,선릉(220),1147
2012,5,6,7,일,2호선,선릉(220),828
2012,5,7,1,월,2호선,선릉(220),2375
2012,5,8,2,화,2호선,선릉(220),2154
2012,5,9,3,수,2호선,선릉(220),2771
2012,5,10,4,목,2호선,선릉(220),2904
2012,5,11,5,금,2호선,선릉(220),2906
2012,5,12,6,토,2호선,선릉(220),1443
2012,5,13,7,일,2호선,선릉(220),769
2012,5,14,1,월,2호선,선릉(220),2443
2012,5,15,2,화,2호선,선릉(220),2701
2012,5,16,3,수,2호선,선릉(220),2799
2012,5,17,4,목,2호선,선릉(220),2709
2012,5,18,5,금,2호선,선릉(220),2786
2012,5,19,6,토,2호선,선릉(220),1339
2012,5,20,7,일,2호선,선릉(220),789
2012,5,21,1,월,2호선,선릉(220),2469
2012,5,22,2,화,2호선,선릉(220),2633
2012,5,23,3,수,2호선,선릉(220),2570
2012,5,24,4,목,2호선,선릉(220),2950
2012,5,25,5,금,2호선,선릉(220),3010
2012,5,26,6,토,2호선,선릉(220),1295
2012,5,27,7,일,2호선,선릉(220),841
2012,5,28,1,공,2호선,선릉(220),804
2012,5,29,2,화,2호선,선릉(220),2652
2012,5,30,3,수,2호선,선릉(220),2849
2012,5,31,4,목,2호선,선릉(220),3174
2012,6,1,5,금,2호선,선릉(220),2793
2012,6,2,6,토,2호선,선릉(220),1272
2012,6,3,7,일,2호선,선릉(220),736
2012,6,4,1,월,2호선,선릉(220),2477
2012,6,5,2,화,2호선,선릉(220),3035
2012,6,6,3,공,2호선,선릉(220),920
2012,6,7,4,목,2호선,선릉(220),2626
2012,6,8,5,금,2호선,선릉(220),2620
2012,6,9,6,토,2호선,선릉(220),1194
2012,6,10,7,일,2호선,선릉(220),726
2012,6,11,1,월,2호선,선릉(220),2256
2012,6,12,2,화,2호선,선릉(220),2464
2012,6,13,3,수,2호선,선릉(220),2626
2012,6,14,4,목,2호선,선릉(220),2862
2012,6,15,5,금,2호선,선릉(220),2796
2012,6,16,6,토,2호선,선릉(220),1228
2012,6,17,7,일,2호선,선릉(220),748
2012,6,18,1,월,2호선,선릉(220),2384
2012,6,19,2,화,2호선,선릉(220),2586
2012,6,20,3,수,2호선,선릉(220),3852
2012,6,21,4,목,2호선,선릉(220),2758
2012,6,22,5,금,2호선,선릉(220),2785
2012,6,23,6,토,2호선,선릉(220),1210
2012,6,24,7,일,2호선,선릉(220),823
2012,6,25,1,월,2호선,선릉(220),2412
2012,6,26,2,화,2호선,선릉(220),2558
2012,6,27,3,수,2호선,선릉(220),2622
2012,6,28,4,목,2호선,선릉(220),2941
2012,6,29,5,금,2호선,선릉(220),3188
2012,6,30,6,토,2호선,선릉(220),1151
2012,7,1,7,일,2호선,선릉(220),788
2012,7,2,1,월,2호선,선릉(220),2385
2012,7,3,2,화,2호선,선릉(220),2459
2012,7,4,3,수,2호선,선릉(220),2529
2012,7,5,4,목,2호선,선릉(220),2727
2012,7,6,5,금,2호선,선릉(220),2578
2012,7,7,6,토,2호선,선릉(220),1304
2012,7,8,7,일,2호선,선릉(220),812
2012,7,9,1,월,2호선,선릉(220),2330
2012,7,10,2,화,2호선,선릉(220),2520
2012,7,11,3,수,2호선,선릉(220),2614
2012,7,12,4,목,2호선,선릉(220),2724
2012,7,13,5,금,2호선,선릉(220),2669
2012,7,14,6,토,2호선,선릉(220),1047
2012,7,15,7,일,2호선,선릉(220),731
2012,7,16,1,월,2호선,선릉(220),2413
2012,7,17,2,화,2호선,선릉(220),2492
2012,7,18,3,수,2호선,선릉(220),2427
2012,7,19,4,목,2호선,선릉(220),2654
2012,7,20,5,금,2호선,선릉(220),2821
2012,7,21,6,토,2호선,선릉(220),1169
2012,7,22,7,일,2호선,선릉(220),807
2012,7,23,1,월,2호선,선릉(220),2297
2012,7,24,2,화,2호선,선릉(220),2605
2012,7,25,3,수,2호선,선릉(220),2618
2012,7,26,4,목,2호선,선릉(220),2551
2012,7,27,5,금,2호선,선릉(220),2641
2012,7,28,6,토,2호선,선릉(220),1208
2012,7,29,7,일,2호선,선릉(220),796
2012,7,30,1,월,2호선,선릉(220),2167
2012,7,31,2,화,2호선,선릉(220),2336
2012,8,1,3,수,2호선,선릉(220),2133
2012,8,2,4,목,2호선,선릉(220),2143
2012,8,3,5,금,2호선,선릉(220),2209
2012,8,4,6,토,2호선,선릉(220),1094
2012,8,5,7,일,2호선,선릉(220),743
2012,8,6,1,월,2호선,선릉(220),1849
2012,8,7,2,화,2호선,선릉(220),2123
2012,8,8,3,수,2호선,선릉(220),2124
2012,8,9,4,목,2호선,선릉(220),2330
2012,8,10,5,금,2호선,선릉(220),2508
2012,8,11,6,토,2호선,선릉(220),1141
2012,8,12,7,일,2호선,선릉(220),710
2012,8,13,1,월,2호선,선릉(220),2143
2012,8,14,2,화,2호선,선릉(220),2751
2012,8,15,3,공,2호선,선릉(220),790
2012,8,16,4,목,2호선,선릉(220),2536
2012,8,17,5,금,2호선,선릉(220),2567
2012,8,18,6,토,2호선,선릉(220),1472
2012,8,19,7,일,2호선,선릉(220),821
2012,8,20,1,월,2호선,선릉(220),2048
2012,8,21,2,화,2호선,선릉(220),2433
2012,8,22,3,수,2호선,선릉(220),2346
2012,8,23,4,목,2호선,선릉(220),2632
2012,8,24,5,금,2호선,선릉(220),2691
2012,8,25,6,토,2호선,선릉(220),1129
2012,8,26,7,일,2호선,선릉(220),790
2012,8,27,1,월,2호선,선릉(220),1996
2012,8,28,2,화,2호선,선릉(220),1285
2012,8,29,3,수,2호선,선릉(220),2666
2012,8,30,4,목,2호선,선릉(220),2338
2012,8,31,5,금,2호선,선릉(220),3075
2012,9,1,6,토,2호선,선릉(220),1173
2012,9,2,7,일,2호선,선릉(220),719
2012,9,3,1,월,2호선,선릉(220),2104
2012,9,4,2,화,2호선,선릉(220),2176
2012,9,5,3,수,2호선,선릉(220),2518
2012,9,6,4,목,2호선,선릉(220),2529
2012,9,7,5,금,2호선,선릉(220),2666
2012,9,8,6,토,2호선,선릉(220),1272
2012,9,9,7,일,2호선,선릉(220),752
2012,9,10,1,월,2호선,선릉(220),2095
2012,9,11,2,화,2호선,선릉(220),2196
2012,9,12,3,수,2호선,선릉(220),2297
2012,9,13,4,목,2호선,선릉(220),2529
2012,9,14,5,금,2호선,선릉(220),2804
2012,9,15,6,토,2호선,선릉(220),1293
2012,9,16,7,일,2호선,선릉(220),702
2012,9,17,1,월,2호선,선릉(220),1780
2012,9,18,2,화,2호선,선릉(220),2521
2012,9,19,3,수,2호선,선릉(220),2666
2012,9,20,4,목,2호선,선릉(220),2521
2012,9,21,5,금,2호선,선릉(220),2694
2012,9,22,6,토,2호선,선릉(220),1136
2012,9,23,7,일,2호선,선릉(220),692
2012,9,24,1,월,2호선,선릉(220),2358
2012,9,25,2,화,2호선,선릉(220),2603
2012,9,26,3,수,2호선,선릉(220),2712
2012,9,27,4,목,2호선,선릉(220),2758
2012,9,28,5,금,2호선,선릉(220),1575
2012,9,29,6,공,2호선,선릉(220),368
2012,9,30,7,공,2호선,선릉(220),405
2012,10,1,1,공,2호선,선릉(220),588
2012,10,2,2,화,2호선,선릉(220),1289
2012,10,3,3,공,2호선,선릉(220),777
2012,10,4,4,목,2호선,선릉(220),2278
2012,10,5,5,금,2호선,선릉(220),2636
2012,10,6,6,토,2호선,선릉(220),1471
2012,10,7,7,일,2호선,선릉(220),660
2012,10,8,1,월,2호선,선릉(220),2178
2012,10,9,2,화,2호선,선릉(220),2311
2012,10,10,3,수,2호선,선릉(220),2400
2012,10,11,4,목,2호선,선릉(220),2634
2012,10,12,5,금,2호선,선릉(220),2470
2012,10,13,6,토,2호선,선릉(220),1179
2012,10,14,7,일,2호선,선릉(220),664
2012,10,15,1,월,2호선,선릉(220),2138
2012,10,16,2,화,2호선,선릉(220),2167
2012,10,17,3,수,2호선,선릉(220),2251
2012,10,18,4,목,2호선,선릉(220),2438
2012,10,19,5,금,2호선,선릉(220),2457
2012,10,20,6,토,2호선,선릉(220),1141
2012,10,21,7,일,2호선,선릉(220),721
2012,10,22,1,월,2호선,선릉(220),1922
2012,10,23,2,화,2호선,선릉(220),2116
2012,10,24,3,수,2호선,선릉(220),2187
2012,10,25,4,목,2호선,선릉(220),2545
2012,10,26,5,금,2호선,선릉(220),2458
2012,10,27,6,토,2호선,선릉(220),1111
2012,10,28,7,일,2호선,선릉(220),635
2012,10,29,1,월,2호선,선릉(220),2041
2012,10,30,2,화,2호선,선릉(220),2276
2012,10,31,3,수,2호선,선릉(220),2477
2012,11,1,4,목,2호선,선릉(220),2303
2012,11,2,5,금,2호선,선릉(220),2343
2012,11,3,6,토,2호선,선릉(220),1079
2012,11,4,7,일,2호선,선릉(220),643
2012,11,5,1,월,2호선,선릉(220),2098
2012,11,6,2,화,2호선,선릉(220),2189
2012,11,7,3,수,2호선,선릉(220),2216
2012,11,8,4,목,2호선,선릉(220),2332
2012,11,9,5,금,2호선,선릉(220),2478
2012,11,10,6,토,2호선,선릉(220),1200
2012,11,11,7,일,2호선,선릉(220),648
2012,11,12,1,월,2호선,선릉(220),2115
2012,11,13,2,화,2호선,선릉(220),2195
2012,11,14,3,수,2호선,선릉(220),2346
2012,11,15,4,목,2호선,선릉(220),2393
2012,11,16,5,금,2호선,선릉(220),2563
2012,11,17,6,토,2호선,선릉(220),1326
2012,11,18,7,일,2호선,선릉(220),773
2012,11,19,1,월,2호선,선릉(220),2054
2012,11,20,2,화,2호선,선릉(220),2309
2012,11,21,3,수,2호선,선릉(220),2346
2012,11,22,4,목,2호선,선릉(220),2414
2012,11,23,5,금,2호선,선릉(220),2726
2012,11,24,6,토,2호선,선릉(220),1110
2012,11,25,7,일,2호선,선릉(220),647
2012,11,26,1,월,2호선,선릉(220),2052
2012,11,27,2,화,2호선,선릉(220),2351
2012,11,28,3,수,2호선,선릉(220),2446
2012,11,29,4,목,2호선,선릉(220),2547
2012,11,30,5,금,2호선,선릉(220),2863
2012,12,1,6,토,2호선,선릉(220),1189
2012,12,2,7,일,2호선,선릉(220),701
2012,12,3,1,월,2호선,선릉(220),2161
2012,12,4,2,화,2호선,선릉(220),2139
2012,12,5,3,수,2호선,선릉(220),3325
2012,12,6,4,목,2호선,선릉(220),3102
2012,12,7,5,금,2호선,선릉(220),3519
2012,12,8,6,토,2호선,선릉(220),1273
2012,12,9,7,일,2호선,선릉(220),558
2012,12,10,1,월,2호선,선릉(220),2229
2012,12,11,2,화,2호선,선릉(220),2486
2012,12,12,3,수,2호선,선릉(220),2744
2012,12,13,4,목,2호선,선릉(220),3113
2012,12,14,5,금,2호선,선릉(220),3210
2012,12,15,6,토,2호선,선릉(220),1446
2012,12,16,7,일,2호선,선릉(220),727
2012,12,17,1,월,2호선,선릉(220),2548
2012,12,18,2,화,2호선,선릉(220),3693
2012,12,19,3,공,2호선,선릉(220),1054
2012,12,20,4,목,2호선,선릉(220),3145
2012,12,21,5,금,2호선,선릉(220),3361
2012,12,22,6,토,2호선,선릉(220),1295
2012,12,23,7,일,2호선,선릉(220),752
2012,12,24,1,월,2호선,선릉(220),1968
2012,12,25,2,공,2호선,선릉(220),755
2012,12,26,3,수,2호선,선릉(220),2813
2012,12,27,4,목,2호선,선릉(220),3384
2012,12,28,5,금,2호선,선릉(220),3384
2012,12,29,6,토,2호선,선릉(220),1511
2012,12,30,7,일,2호선,선릉(220),768
2012,12,31,1,월,2호선,선릉(220),1521
2013,1,1,2,공,2호선,선릉(220),767
2013,1,2,3,수,2호선,선릉(220),2152
2013,1,3,4,목,2호선,선릉(220),2343
2013,1,4,5,금,2호선,선릉(220),2578
2013,1,5,6,토,2호선,선릉(220),1034
2013,1,6,7,일,2호선,선릉(220),650
2013,1,7,1,월,2호선,선릉(220),2180
2013,1,8,2,화,2호선,선릉(220),2299
2013,1,9,3,수,2호선,선릉(220),2279
2013,1,10,4,목,2호선,선릉(220),2538
2013,1,11,5,금,2호선,선릉(220),2718
2013,1,12,6,토,2호선,선릉(220),1141
2013,1,13,7,일,2호선,선릉(220),665
2013,1,14,1,월,2호선,선릉(220),2051
2013,1,15,2,화,2호선,선릉(220),2347
2013,1,16,3,수,2호선,선릉(220),2317
2013,1,17,4,목,2호선,선릉(220),2531
2013,1,18,5,금,2호선,선릉(220),2809
2013,1,19,6,토,2호선,선릉(220),1064
2013,1,20,7,일,2호선,선릉(220),665
2013,1,21,1,월,2호선,선릉(220),2186
2013,1,22,2,화,2호선,선릉(220),2376
2013,1,23,3,수,2호선,선릉(220),2435
2013,1,24,4,목,2호선,선릉(220),2471
2013,1,25,5,금,2호선,선릉(220),2710
2013,1,26,6,토,2호선,선릉(220),1120
2013,1,27,7,일,2호선,선릉(220),661
2013,1,28,1,월,2호선,선릉(220),2080
2013,1,29,2,화,2호선,선릉(220),2367
2013,1,30,3,수,2호선,선릉(220),2457
2013,1,31,4,목,2호선,선릉(220),2677
2013,2,1,5,금,2호선,선릉(220),2571
2013,2,2,6,토,2호선,선릉(220),1053
2013,2,3,7,일,2호선,선릉(220),830
2013,2,4,1,월,2호선,선릉(220),2539
2013,2,5,2,화,2호선,선릉(220),2811
2013,2,6,3,수,2호선,선릉(220),2636
2013,2,7,4,목,2호선,선릉(220),3226
2013,2,8,5,금,2호선,선릉(220),1178
2013,2,9,6,공,2호선,선릉(220),323
2013,2,10,7,공,2호선,선릉(220),362
2013,2,11,1,공,2호선,선릉(220),588
2013,2,12,2,화,2호선,선릉(220),1744
2013,2,13,3,수,2호선,선릉(220),2424
2013,2,14,4,목,2호선,선릉(220),2462
2013,2,15,5,금,2호선,선릉(220),2643
2013,2,16,6,토,2호선,선릉(220),1197
2013,2,17,7,일,2호선,선릉(220),637
2013,2,18,1,월,2호선,선릉(220),2109
2013,2,19,2,화,2호선,선릉(220),2376
2013,2,20,3,수,2호선,선릉(220),2595
2013,2,21,4,목,2호선,선릉(220),2709
2013,2,22,5,금,2호선,선릉(220),2556
2013,2,23,6,토,2호선,선릉(220),1202
2013,2,24,7,일,2호선,선릉(220),625
2013,2,25,1,월,2호선,선릉(220),2374
2013,2,26,2,화,2호선,선릉(220),2282
2013,2,27,3,수,2호선,선릉(220),2595
2013,2,28,4,목,2호선,선릉(220),3165
2013,3,1,5,공,2호선,선릉(220),907
2013,3,2,6,토,2호선,선릉(220),963
2013,3,3,7,일,2호선,선릉(220),601
2013,3,4,1,월,2호선,선릉(220),2236
2013,3,5,2,화,2호선,선릉(220),2428
2013,3,6,3,수,2호선,선릉(220),2452
2013,3,7,4,목,2호선,선릉(220),2654
2013,3,8,5,금,2호선,선릉(220),2835
2013,3,9,6,토,2호선,선릉(220),1282
2013,3,10,7,일,2호선,선릉(220),636
2013,3,11,1,월,2호선,선릉(220),2162
2013,3,12,2,화,2호선,선릉(220),2416
2013,3,13,3,수,2호선,선릉(220),2493
2013,3,14,4,목,2호선,선릉(220),2506
2013,3,15,5,금,2호선,선릉(220),2848
2013,3,16,6,토,2호선,선릉(220),1257
2013,3,17,7,일,2호선,선릉(220),589
2013,3,18,1,월,2호선,선릉(220),2108
2013,3,19,2,화,2호선,선릉(220),2283
2013,3,20,3,수,2호선,선릉(220),2332
2013,3,21,4,목,2호선,선릉(220),2627
2013,3,22,5,금,2호선,선릉(220),2642
2013,3,23,6,토,2호선,선릉(220),1209
2013,3,24,7,일,2호선,선릉(220),664
2013,3,25,1,월,2호선,선릉(220),2190
2013,3,26,2,화,2호선,선릉(220),2393
2013,3,27,3,수,2호선,선릉(220),2559
2013,3,28,4,목,2호선,선릉(220),2668
2013,3,29,5,금,2호선,선릉(220),3001
2013,3,30,6,토,2호선,선릉(220),1033
2013,3,31,7,일,2호선,선릉(220),677
2013,4,1,1,월,2호선,선릉(220),2157
2013,4,2,2,화,2호선,선릉(220),2301
2013,4,3,3,수,2호선,선릉(220),2303
2013,4,4,4,목,2호선,선릉(220),2656
2013,4,5,5,금,2호선,선릉(220),2810
2013,4,6,6,토,2호선,선릉(220),1036
2013,4,7,7,일,2호선,선릉(220),639
2013,4,8,1,월,2호선,선릉(220),1996
2013,4,9,2,화,2호선,선릉(220),2350
2013,4,10,3,수,2호선,선릉(220),2453
2013,4,11,4,목,2호선,선릉(220),2585
2013,4,12,5,금,2호선,선릉(220),2614
2013,4,13,6,토,2호선,선릉(220),1236
2013,4,14,7,일,2호선,선릉(220),607
2013,4,15,1,월,2호선,선릉(220),2140
2013,4,16,2,화,2호선,선릉(220),2305
2013,4,17,3,수,2호선,선릉(220),2487
2013,4,18,4,목,2호선,선릉(220),2669
2013,4,19,5,금,2호선,선릉(220),2504
2013,4,20,6,토,2호선,선릉(220),1094
2013,4,21,7,일,2호선,선릉(220),728
2013,4,22,1,월,2호선,선릉(220),2181
2013,4,23,2,화,2호선,선릉(220),2307
2013,4,24,3,수,2호선,선릉(220),2411
2013,4,25,4,목,2호선,선릉(220),2486
2013,4,26,5,금,2호선,선릉(220),2600
2013,4,27,6,토,2호선,선릉(220),1154
2013,4,28,7,일,2호선,선릉(220),718
2013,4,29,1,월,2호선,선릉(220),2319
2013,4,30,2,화,2호선,선릉(220),2952
2013,5,1,3,수,2호선,선릉(220),1296
2013,5,2,4,목,2호선,선릉(220),2779
2013,5,3,5,금,2호선,선릉(220),2518
2013,5,4,6,토,2호선,선릉(220),1223
2013,5,5,7,일,2호선,선릉(220),674
2013,5,6,1,월,2호선,선릉(220),2153
2013,5,7,2,화,2호선,선릉(220),2339
2013,5,8,3,수,2호선,선릉(220),1945
2013,5,9,4,목,2호선,선릉(220),2678
2013,5,10,5,금,2호선,선릉(220),2581
2013,5,11,6,토,2호선,선릉(220),1218
2013,5,12,7,일,2호선,선릉(220),650
2013,5,13,1,월,2호선,선릉(220),2243
2013,5,14,2,화,2호선,선릉(220),2493
2013,5,15,3,수,2호선,선릉(220),3011
2013,5,16,4,목,2호선,선릉(220),2711
2013,5,17,5,공,2호선,선릉(220),1104
2013,5,18,6,토,2호선,선릉(220),952
2013,5,19,7,일,2호선,선릉(220),664
2013,5,20,1,월,2호선,선릉(220),2333
2013,5,21,2,화,2호선,선릉(220),758
2013,5,22,3,수,2호선,선릉(220),2357
2013,5,23,4,목,2호선,선릉(220),2608
2013,5,24,5,금,2호선,선릉(220),2521
2013,5,25,6,토,2호선,선릉(220),1246
2013,5,26,7,일,2호선,선릉(220),644
2013,5,27,1,월,2호선,선릉(220),2125
2013,5,28,2,화,2호선,선릉(220),2365
2013,5,29,3,수,2호선,선릉(220),2671
2013,5,30,4,목,2호선,선릉(220),2754
2013,5,31,5,금,2호선,선릉(220),2781
2013,6,1,6,토,2호선,선릉(220),1435
2013,6,2,7,일,2호선,선릉(220),740
2013,6,3,1,월,2호선,선릉(220),2190
2013,6,4,2,화,2호선,선릉(220),2462
2013,6,5,3,수,2호선,선릉(220),2796
2013,6,6,4,공,2호선,선릉(220),945
2013,6,7,5,금,2호선,선릉(220),2144
2013,6,8,6,토,2호선,선릉(220),1080
2013,6,9,7,일,2호선,선릉(220),661
2013,6,10,1,월,2호선,선릉(220),2123
2013,6,11,2,화,2호선,선릉(220),2301
2013,6,12,3,수,2호선,선릉(220),2456
2013,6,13,4,목,2호선,선릉(220),2477
2013,6,14,5,금,2호선,선릉(220),2605
2013,6,15,6,토,2호선,선릉(220),1189
2013,6,16,7,일,2호선,선릉(220),653
2013,6,17,1,월,2호선,선릉(220),1903
2013,6,18,2,화,2호선,선릉(220),2278
2013,6,19,3,수,2호선,선릉(220),2272
2013,6,20,4,목,2호선,선릉(220),2536
2013,6,21,5,금,2호선,선릉(220),2702
2013,6,22,6,토,2호선,선릉(220),1241
2013,6,23,7,일,2호선,선릉(220),731
2013,6,24,1,월,2호선,선릉(220),2145
2013,6,25,2,화,2호선,선릉(220),2353
2013,6,26,3,수,2호선,선릉(220),2478
2013,6,27,4,목,2호선,선릉(220),2582
2013,6,28,5,금,2호선,선릉(220),2791
2013,6,29,6,토,2호선,선릉(220),1176
2013,6,30,7,일,2호선,선릉(220),738
2013,7,1,1,월,2호선,선릉(220),2139
2013,7,2,2,화,2호선,선릉(220),1925
2013,7,3,3,수,2호선,선릉(220),2447
2013,7,4,4,목,2호선,선릉(220),2255
2013,7,5,5,금,2호선,선릉(220),2611
2013,7,6,6,토,2호선,선릉(220),1040
2013,7,7,7,일,2호선,선릉(220),610
2013,7,8,1,월,2호선,선릉(220),1830
2013,7,9,2,화,2호선,선릉(220),2286
2013,7,10,3,수,2호선,선릉(220),2276
2013,7,11,4,목,2호선,선릉(220),2484
2013,7,12,5,금,2호선,선릉(220),2604
2013,7,13,6,토,2호선,선릉(220),1148
2013,7,14,7,일,2호선,선릉(220),685
2013,7,15,1,월,2호선,선릉(220),2099
2013,7,16,2,화,2호선,선릉(220),2114
2013,7,17,3,수,2호선,선릉(220),2376
2013,7,18,4,목,2호선,선릉(220),2497
2013,7,19,5,금,2호선,선릉(220),2424
2013,7,20,6,토,2호선,선릉(220),1214
2013,7,21,7,일,2호선,선릉(220),696
2013,7,22,1,월,2호선,선릉(220),2000
2013,7,23,2,화,2호선,선릉(220),2165
2013,7,24,3,수,2호선,선릉(220),2445
2013,7,25,4,목,2호선,선릉(220),2513
2013,7,26,5,금,2호선,선릉(220),2471
2013,7,27,6,토,2호선,선릉(220),1031
2013,7,28,7,일,2호선,선릉(220),678
2013,7,29,1,월,2호선,선릉(220),1911
2013,7,30,2,화,2호선,선릉(220),2176
2013,7,31,3,수,2호선,선릉(220),2218
2013,8,1,4,목,2호선,선릉(220),1999
2013,8,2,5,금,2호선,선릉(220),2092
2013,8,3,6,토,2호선,선릉(220),1042
2013,8,4,7,일,2호선,선릉(220),688
2013,8,5,1,월,2호선,선릉(220),1687
2013,8,6,2,화,2호선,선릉(220),1977
2013,8,7,3,수,2호선,선릉(220),2111
2013,8,8,4,목,2호선,선릉(220),2144
2013,8,9,5,금,2호선,선릉(220),2216
2013,8,10,6,토,2호선,선릉(220),946
2013,8,11,7,일,2호선,선릉(220),688
2013,8,12,1,월,2호선,선릉(220),1992
2013,8,13,2,화,2호선,선릉(220),2143
2013,8,14,3,수,2호선,선릉(220),2412
2013,8,15,4,공,2호선,선릉(220),907
2013,8,16,5,금,2호선,선릉(220),1788
2013,8,17,6,토,2호선,선릉(220),1148
2013,8,18,7,일,2호선,선릉(220),687
2013,8,19,1,월,2호선,선릉(220),1917
2013,8,20,2,화,2호선,선릉(220),2171
2013,8,21,3,수,2호선,선릉(220),2132
2013,8,22,4,목,2호선,선릉(220),2226
2013,8,23,5,금,2호선,선릉(220),2404
2013,8,24,6,토,2호선,선릉(220),1193
2013,8,25,7,일,2호선,선릉(220),685
2013,8,26,1,월,2호선,선릉(220),2004
2013,8,27,2,화,2호선,선릉(220),2112
2013,8,28,3,수,2호선,선릉(220),2102
2013,8,29,4,목,2호선,선릉(220),2158
2013,8,30,5,금,2호선,선릉(220),2487
2013,8,31,6,토,2호선,선릉(220),1095
2013,9,1,7,일,2호선,선릉(220),682
2013,9,2,1,월,2호선,선릉(220),1835
2013,9,3,2,화,2호선,선릉(220),2194
2013,9,4,3,수,2호선,선릉(220),2072
2013,9,5,4,목,2호선,선릉(220),2225
2013,9,6,5,금,2호선,선릉(220),2281
2013,9,7,6,토,2호선,선릉(220),1026
2013,9,8,7,일,2호선,선릉(220),681
2013,9,9,1,월,2호선,선릉(220),1886
2013,9,10,2,화,2호선,선릉(220),2238
2013,9,11,3,수,2호선,선릉(220),2129
2013,9,12,4,목,2호선,선릉(220),2385
2013,9,13,5,금,2호선,선릉(220),2401
2013,9,14,6,토,2호선,선릉(220),1027
2013,9,15,7,일,2호선,선릉(220),709
2013,9,16,1,월,2호선,선릉(220),2127
2013,9,17,2,화,2호선,선릉(220),1284
2013,9,18,3,공,2호선,선릉(220),365
2013,9,19,4,공,2호선,선릉(220),305
2013,9,20,5,공,2호선,선릉(220),604
2013,9,21,6,토,2호선,선릉(220),854
2013,9,22,7,일,2호선,선릉(220),574
2013,9,23,1,월,2호선,선릉(220),1771
2013,9,24,2,화,2호선,선릉(220),2074
2013,9,25,3,수,2호선,선릉(220),2301
2013,9,26,4,목,2호선,선릉(220),2471
2013,9,27,5,금,2호선,선릉(220),2398
2013,9,28,6,토,2호선,선릉(220),1108
2013,9,29,7,일,2호선,선릉(220),650
2013,9,30,1,월,2호선,선릉(220),2357
2013,10,1,2,화,2호선,선릉(220),2203
2013,10,2,3,수,2호선,선릉(220),2760
2013,10,3,4,공,2호선,선릉(220),836
2013,10,4,5,금,2호선,선릉(220),2234
2013,10,5,6,토,2호선,선릉(220),1247
2013,10,6,7,일,2호선,선릉(220),650
2013,10,7,1,월,2호선,선릉(220),1950
2013,10,8,2,화,2호선,선릉(220),2459
2013,10,9,3,공,2호선,선릉(220),930
2013,10,10,4,목,2호선,선릉(220),2454
2013,10,11,5,금,2호선,선릉(220),2541
2013,10,12,6,토,2호선,선릉(220),1126
2013,10,13,7,일,2호선,선릉(220),670
2013,10,14,1,월,2호선,선릉(220),2057
2013,10,15,2,화,2호선,선릉(220),1999
2013,10,16,3,수,2호선,선릉(220),2153
2013,10,17,4,목,2호선,선릉(220),2346
2013,10,18,5,금,2호선,선릉(220),2285
2013,10,19,6,토,2호선,선릉(220),1085
2013,10,20,7,일,2호선,선릉(220),655
2013,10,21,1,월,2호선,선릉(220),2028
2013,10,22,2,화,2호선,선릉(220),2095
2013,10,23,3,수,2호선,선릉(220),2172
2013,10,24,4,목,2호선,선릉(220),2383
2013,10,25,5,금,2호선,선릉(220),2464
2013,10,26,6,토,2호선,선릉(220),1220
2013,10,27,7,일,2호선,선릉(220),614
2013,10,28,1,월,2호선,선릉(220),1957
2013,10,29,2,화,2호선,선릉(220),2206
2013,10,30,3,수,2호선,선릉(220),2297
2013,10,31,4,목,2호선,선릉(220),2384
2013,11,1,5,금,2호선,선릉(220),2302
2013,11,2,6,토,2호선,선릉(220),1045
2013,11,3,7,일,2호선,선릉(220),668
2013,11,4,1,월,2호선,선릉(220),2022
2013,11,5,2,화,2호선,선릉(220),2159
2013,11,6,3,수,2호선,선릉(220),2066
2013,11,7,4,목,2호선,선릉(220),2107
2013,11,8,5,금,2호선,선릉(220),2548
2013,11,9,6,토,2호선,선릉(220),1033
2013,11,10,7,일,2호선,선릉(220),650
2013,11,11,1,월,2호선,선릉(220),1952
2013,11,12,2,화,2호선,선릉(220),2141
2013,11,13,3,수,2호선,선릉(220),2081
2013,11,14,4,목,2호선,선릉(220),2251
2013,11,15,5,금,2호선,선릉(220),2567
2013,11,16,6,토,2호선,선릉(220),1127
2013,11,17,7,일,2호선,선릉(220),657
2013,11,18,1,월,2호선,선릉(220),1930
2013,11,19,2,화,2호선,선릉(220),2073
2013,11,20,3,수,2호선,선릉(220),2184
2013,11,21,4,목,2호선,선릉(220),2351
2013,11,22,5,금,2호선,선릉(220),2336
2013,11,23,6,토,2호선,선릉(220),1136
2013,11,24,7,일,2호선,선릉(220),622
2013,11,25,1,월,2호선,선릉(220),1996
2013,11,26,2,화,2호선,선릉(220),2426
2013,11,27,3,수,2호선,선릉(220),2270
2013,11,28,4,목,2호선,선릉(220),2478
2013,11,29,5,금,2호선,선릉(220),2699
2013,11,30,6,토,2호선,선릉(220),1290
2013,12,1,7,일,2호선,선릉(220),705
2013,12,2,1,월,2호선,선릉(220),2054
2013,12,3,2,화,2호선,선릉(220),2242
2013,12,4,3,수,2호선,선릉(220),2296
2013,12,5,4,목,2호선,선릉(220),2621
2013,12,6,5,금,2호선,선릉(220),2896
2013,12,7,6,토,2호선,선릉(220),1384
2013,12,8,7,일,2호선,선릉(220),608
2013,12,9,1,월,2호선,선릉(220),2013
2013,12,10,2,화,2호선,선릉(220),2383
2013,12,11,3,수,2호선,선릉(220),2420
2013,12,12,4,목,2호선,선릉(220),2940
2013,12,13,5,금,2호선,선릉(220),3008
2013,12,14,6,토,2호선,선릉(220),1547
2013,12,15,7,일,2호선,선릉(220),651
2013,12,16,1,월,2호선,선릉(220),2153
2013,12,17,2,화,2호선,선릉(220),2491
2013,12,18,3,수,2호선,선릉(220),2840
2013,12,19,4,목,2호선,선릉(220),3096
2013,12,20,5,금,2호선,선릉(220),3446
2013,12,21,6,토,2호선,선릉(220),1666
2013,12,22,7,일,2호선,선릉(220),770
2013,12,23,1,월,2호선,선릉(220),3046
2013,12,24,2,화,2호선,선릉(220),2093
2013,12,25,3,공,2호선,선릉(220),898
2013,12,26,4,목,2호선,선릉(220),3005
2013,12,27,5,금,2호선,선릉(220),3067
2013,12,28,6,토,2호선,선릉(220),1398
2013,12,29,7,일,2호선,선릉(220),741
2013,12,30,1,월,2호선,선릉(220),2990
2013,12,31,2,화,2호선,선릉(220),1516
2014,1,1,3,공,2호선,선릉(220),625
2014,1,2,4,목,2호선,선릉(220),2169
2014,1,3,5,금,2호선,선릉(220),2386
2014,1,4,6,토,2호선,선릉(220),1122
2014,1,5,7,일,2호선,선릉(220),622
2014,1,6,1,월,2호선,선릉(220),2083
2014,1,7,2,화,2호선,선릉(220),2192
2014,1,8,3,수,2호선,선릉(220),2113
2014,1,9,4,목,2호선,선릉(220),2280
2014,1,10,5,금,2호선,선릉(220),2613
2014,1,11,6,토,2호선,선릉(220),1085
2014,1,12,7,일,2호선,선릉(220),633
2014,1,13,1,월,2호선,선릉(220),1954
2014,1,14,2,화,2호선,선릉(220),2039
2014,1,15,3,수,2호선,선릉(220),2214
2014,1,16,4,목,2호선,선릉(220),2342
2014,1,17,5,금,2호선,선릉(220),2737
2014,1,18,6,토,2호선,선릉(220),1193
2014,1,19,7,일,2호선,선릉(220),647
2014,1,20,1,월,2호선,선릉(220),2133
2014,1,21,2,화,2호선,선릉(220),2196
2014,1,22,3,수,2호선,선릉(220),2406
2014,1,23,4,목,2호선,선릉(220),2462
2014,1,24,5,금,2호선,선릉(220),2650
2014,1,25,6,토,2호선,선릉(220),1048
2014,1,26,7,일,2호선,선릉(220),571
2014,1,27,1,월,2호선,선릉(220),2242
2014,1,28,2,화,2호선,선릉(220),2379
2014,1,29,3,수,2호선,선릉(220),1228
2014,1,30,4,공,2호선,선릉(220),319
2014,1,31,5,공,2호선,선릉(220),285
2014,2,1,6,공,2호선,선릉(220),617
2014,2,2,7,일,2호선,선릉(220),585
2014,2,3,1,월,2호선,선릉(220),1700
2014,2,4,2,화,2호선,선릉(220),2048
2014,2,5,3,수,2호선,선릉(220),2144
2014,2,6,4,목,2호선,선릉(220),2352
2014,2,7,5,금,2호선,선릉(220),2391
2014,2,8,6,토,2호선,선릉(220),1179
2014,2,9,7,일,2호선,선릉(220),565
2014,2,10,1,월,2호선,선릉(220),2038
2014,2,11,2,화,2호선,선릉(220),2142
2014,2,12,3,수,2호선,선릉(220),2173
2014,2,13,4,목,2호선,선릉(220),2399
2014,2,14,5,금,2호선,선릉(220),2309
2014,2,15,6,토,2호선,선릉(220),1231
2014,2,16,7,일,2호선,선릉(220),643
2014,2,17,1,월,2호선,선릉(220),1924
2014,2,18,2,화,2호선,선릉(220),2064
2014,2,19,3,수,2호선,선릉(220),2136
2014,2,20,4,목,2호선,선릉(220),2323
2014,2,21,5,금,2호선,선릉(220),2545
2014,2,22,6,토,2호선,선릉(220),1192
2014,2,23,7,일,2호선,선릉(220),565
2014,2,24,1,월,2호선,선릉(220),2066
2014,2,25,2,화,2호선,선릉(220),2281
2014,2,26,3,수,2호선,선릉(220),2331
2014,2,27,4,목,2호선,선릉(220),2470
2014,2,28,5,금,2호선,선릉(220),2797
2014,3,1,6,토,2호선,선릉(220),1002
2014,3,2,7,공,2호선,선릉(220),609
2014,3,3,1,월,2호선,선릉(220),1955
2014,3,4,2,화,2호선,선릉(220),2201
2014,3,5,3,수,2호선,선릉(220),2224
2014,3,6,4,목,2호선,선릉(220),2458
2014,3,7,5,금,2호선,선릉(220),2534
2014,3,8,6,토,2호선,선릉(220),1067
2014,3,9,7,일,2호선,선릉(220),604
2014,3,10,1,월,2호선,선릉(220),2062
2014,3,11,2,화,2호선,선릉(220),2313
2014,3,12,3,수,2호선,선릉(220),2208
2014,3,13,4,목,2호선,선릉(220),2641
2014,3,14,5,금,2호선,선릉(220),2545
2014,3,15,6,토,2호선,선릉(220),1109
2014,3,16,7,일,2호선,선릉(220),742
2014,3,17,1,월,2호선,선릉(220),2062
2014,3,18,2,화,2호선,선릉(220),2358
2014,3,19,3,수,2호선,선릉(220),2365
2014,3,20,4,목,2호선,선릉(220),2394
2014,3,21,5,금,2호선,선릉(220),2836
2014,3,22,6,토,2호선,선릉(220),1280
2014,3,23,7,일,2호선,선릉(220),712
2014,3,24,1,월,2호선,선릉(220),2125
2014,3,25,2,화,2호선,선릉(220),2426
2014,3,26,3,수,2호선,선릉(220),2342
2014,3,27,4,목,2호선,선릉(220),2514
2014,3,28,5,금,2호선,선릉(220),2635
2014,3,29,6,토,2호선,선릉(220),1191
2014,3,30,7,일,2호선,선릉(220),727
2014,3,31,1,월,2호선,선릉(220),2283
2014,4,1,2,화,2호선,선릉(220),2216
2014,4,2,3,수,2호선,선릉(220),2203
2014,4,3,4,목,2호선,선릉(220),2533
2014,4,4,5,금,2호선,선릉(220),2539
2014,4,5,6,토,2호선,선릉(220),1117
2014,4,6,7,일,2호선,선릉(220),664
2014,4,7,1,월,2호선,선릉(220),2115
2014,4,8,2,화,2호선,선릉(220),2284
2014,4,9,3,수,2호선,선릉(220),2214
2014,4,10,4,목,2호선,선릉(220),2485
2014,4,11,5,금,2호선,선릉(220),2715
2014,4,12,6,토,2호선,선릉(220),1225
2014,4,13,7,일,2호선,선릉(220),627
2014,4,14,1,월,2호선,선릉(220),1975
2014,4,15,2,화,2호선,선릉(220),2252
2014,4,16,3,수,2호선,선릉(220),2271
2014,4,17,4,목,2호선,선릉(220),2232
2014,4,18,5,금,2호선,선릉(220),2471
2014,4,19,6,토,2호선,선릉(220),1152
2014,4,20,7,일,2호선,선릉(220),749
2014,4,21,1,월,2호선,선릉(220),1961
2014,4,22,2,화,2호선,선릉(220),2202
2014,4,23,3,수,2호선,선릉(220),2337
2014,4,24,4,목,2호선,선릉(220),2499
2014,4,25,5,금,2호선,선릉(220),2794
2014,4,26,6,토,2호선,선릉(220),1122
2014,4,27,7,일,2호선,선릉(220),644
2014,4,28,1,월,2호선,선릉(220),2105
2014,4,29,2,화,2호선,선릉(220),2364
2014,4,30,3,수,2호선,선릉(220),2772
2014,5,1,4,목,2호선,선릉(220),1413
2014,5,2,5,금,2호선,선릉(220),1814
2014,5,3,6,토,2호선,선릉(220),1124
2014,5,4,7,일,2호선,선릉(220),621
2014,5,5,1,공,2호선,선릉(220),797
2014,5,6,2,공,2호선,선릉(220),751
2014,5,7,3,수,2호선,선릉(220),2175
2014,5,8,4,목,2호선,선릉(220),1977
2014,5,9,5,금,2호선,선릉(220),2699
2014,5,10,6,토,2호선,선릉(220),1249
2014,5,11,7,일,2호선,선릉(220),642
2014,5,12,1,월,2호선,선릉(220),2323
2014,5,13,2,화,2호선,선릉(220),2501
2014,5,14,3,수,2호선,선릉(220),2438
2014,5,15,4,목,2호선,선릉(220),2672
2014,5,16,5,금,2호선,선릉(220),2649
2014,5,17,6,토,2호선,선릉(220),1487
2014,5,18,7,일,2호선,선릉(220),772
2014,5,19,1,월,2호선,선릉(220),2142
2014,5,20,2,화,2호선,선릉(220),2280
2014,5,21,3,수,2호선,선릉(220),2423
2014,5,22,4,목,2호선,선릉(220),2622
2014,5,23,5,금,2호선,선릉(220),2553
2014,5,24,6,토,2호선,선릉(220),1297
2014,5,25,7,일,2호선,선릉(220),683
2014,5,26,1,월,2호선,선릉(220),2385
2014,5,27,2,화,2호선,선릉(220),2262
2014,5,28,3,수,2호선,선릉(220),2432
2014,5,29,4,목,2호선,선릉(220),2628
2014,5,30,5,금,2호선,선릉(220),2755
2014,5,31,6,토,2호선,선릉(220),1334
2014,6,1,7,일,2호선,선릉(220),667
2014,6,2,1,월,2호선,선릉(220),2142
2014,6,3,2,화,2호선,선릉(220),2634
2014,6,4,3,공,2호선,선릉(220),1128
2014,6,5,4,목,2호선,선릉(220),2212
2014,6,6,5,공,2호선,선릉(220),1054
2014,6,7,6,토,2호선,선릉(220),1062
2014,6,8,7,일,2호선,선릉(220),657
2014,6,9,1,월,2호선,선릉(220),2151
2014,6,10,2,화,2호선,선릉(220),2265
2014,6,11,3,수,2호선,선릉(220),2311
2014,6,12,4,목,2호선,선릉(220),2335
2014,6,13,5,금,2호선,선릉(220),2802
2014,6,14,6,토,2호선,선릉(220),1308
2014,6,15,7,일,2호선,선릉(220),673
2014,6,16,1,월,2호선,선릉(220),1959
2014,6,17,2,화,2호선,선릉(220),2203
2014,6,18,3,수,2호선,선릉(220),2357
2014,6,19,4,목,2호선,선릉(220),2530
2014,6,20,5,금,2호선,선릉(220),2782
2014,6,21,6,토,2호선,선릉(220),1193
2014,6,22,7,일,2호선,선릉(220),831
2014,6,23,1,월,2호선,선릉(220),1907
2014,6,24,2,화,2호선,선릉(220),2417
2014,6,25,3,수,2호선,선릉(220),2531
2014,6,26,4,목,2호선,선릉(220),2734
2014,6,27,5,금,2호선,선릉(220),2622
2014,6,28,6,토,2호선,선릉(220),1368
2014,6,29,7,일,2호선,선릉(220),733
2014,6,30,1,월,2호선,선릉(220),2558
2014,7,1,2,화,2호선,선릉(220),2159
2014,7,2,3,수,2호선,선릉(220),2261
2014,7,3,4,목,2호선,선릉(220),2429
2014,7,4,5,금,2호선,선릉(220),2653
2014,7,5,6,토,2호선,선릉(220),1201
2014,7,6,7,일,2호선,선릉(220),756
2014,7,7,1,월,2호선,선릉(220),2054
2014,7,8,2,화,2호선,선릉(220),2306
2014,7,9,3,수,2호선,선릉(220),2270
2014,7,10,4,목,2호선,선릉(220),2631
2014,7,11,5,금,2호선,선릉(220),2760
2014,7,12,6,토,2호선,선릉(220),1457
2014,7,13,7,일,2호선,선릉(220),843
2014,7,14,1,월,2호선,선릉(220),1988
2014,7,15,2,화,2호선,선릉(220),2354
2014,7,16,3,수,2호선,선릉(220),2387
2014,7,17,4,목,2호선,선릉(220),2347
2014,7,18,5,금,2호선,선릉(220),2685
2014,7,19,6,토,2호선,선릉(220),1259
2014,7,20,7,일,2호선,선릉(220),852
2014,7,21,1,월,2호선,선릉(220),2030
2014,7,22,2,화,2호선,선릉(220),2102
2014,7,23,3,수,2호선,선릉(220),2436
2014,7,24,4,목,2호선,선릉(220),2688
2014,7,25,5,금,2호선,선릉(220),2472
2014,7,26,6,토,2호선,선릉(220),1230
2014,7,27,7,일,2호선,선릉(220),762
2014,7,28,1,월,2호선,선릉(220),2075
2014,7,29,2,화,2호선,선릉(220),2232
2014,7,30,3,수,2호선,선릉(220),2213
2014,7,31,4,목,2호선,선릉(220),2355
2014,8,1,5,금,2호선,선릉(220),2234
2014,8,2,6,토,2호선,선릉(220),1110
2014,8,3,7,일,2호선,선릉(220),737
2014,8,4,1,월,2호선,선릉(220),1703
2014,8,5,2,화,2호선,선릉(220),1979
2014,8,6,3,수,2호선,선릉(220),2081
2014,8,7,4,목,2호선,선릉(220),2293
2014,8,8,5,금,2호선,선릉(220),2345
2014,8,9,6,토,2호선,선릉(220),1407
2014,8,10,7,일,2호선,선릉(220),708
2014,8,11,1,월,2호선,선릉(220),1956
2014,8,12,2,화,2호선,선릉(220),2228
2014,8,13,3,수,2호선,선릉(220),2229
2014,8,14,4,목,2호선,선릉(220),2553
2014,8,15,5,공,2호선,선릉(220),1264
2014,8,16,6,토,2호선,선릉(220),1077
2014,8,17,7,일,2호선,선릉(220),672
2014,8,18,1,월,2호선,선릉(220),1846
2014,8,19,2,화,2호선,선릉(220),2247
2014,8,20,3,수,2호선,선릉(220),2191
2014,8,21,4,목,2호선,선릉(220),2370
2014,8,22,5,금,2호선,선릉(220),2517
2014,8,23,6,토,2호선,선릉(220),1224
2014,8,24,7,일,2호선,선릉(220),600
2014,8,25,1,월,2호선,선릉(220),1962
2014,8,26,2,화,2호선,선릉(220),2279
2014,8,27,3,수,2호선,선릉(220),2272
2014,8,28,4,목,2호선,선릉(220),2485
2014,8,29,5,금,2호선,선릉(220),2694
2014,8,30,6,토,2호선,선릉(220),1408
2014,8,31,7,일,2호선,선릉(220),795
2014,9,1,1,월,2호선,선릉(220),1932
2014,9,2,2,화,2호선,선릉(220),2429
2014,9,3,3,수,2호선,선릉(220),2447
2014,9,4,4,목,2호선,선릉(220),2707
2014,9,5,5,금,2호선,선릉(220),1757
2014,9,6,6,토,2호선,선릉(220),813
2014,9,7,7,일,2호선,선릉(220),334
2014,9,8,1,공,2호선,선릉(220),405
2014,9,9,2,공,2호선,선릉(220),774
2014,9,10,3,공,2호선,선릉(220),925
2014,9,11,4,목,2호선,선릉(220),2066
2014,9,12,5,금,2호선,선릉(220),2419
2014,9,13,6,토,2호선,선릉(220),1244
2014,9,14,7,일,2호선,선릉(220),686
2014,9,15,1,월,2호선,선릉(220),1846
2014,9,16,2,화,2호선,선릉(220),2227
2014,9,17,3,수,2호선,선릉(220),2260
2014,9,18,4,목,2호선,선릉(220),2373
2014,9,19,5,금,2호선,선릉(220),2494
2014,9,20,6,토,2호선,선릉(220),1303
2014,9,21,7,일,2호선,선릉(220),741
2014,9,22,1,월,2호선,선릉(220),1950
2014,9,23,2,화,2호선,선릉(220),2169
2014,9,24,3,수,2호선,선릉(220),2184
2014,9,25,4,목,2호선,선릉(220),2339
2014,9,26,5,금,2호선,선릉(220),2497
2014,9,27,6,토,2호선,선릉(220),1240
2014,9,28,7,일,2호선,선릉(220),681
2014,9,29,1,월,2호선,선릉(220),2030
2014,9,30,2,화,2호선,선릉(220),2488
2014,10,1,3,수,2호선,선릉(220),2231
2014,10,2,4,목,2호선,선릉(220),2520
2014,10,3,5,공,2호선,선릉(220),1238
2014,10,4,6,토,2호선,선릉(220),1282
2014,10,5,7,일,2호선,선릉(220),620
2014,10,6,1,월,2호선,선릉(220),2056
2014,10,7,2,화,2호선,선릉(220),2295
2014,10,8,3,수,2호선,선릉(220),2660
2014,10,9,4,공,2호선,선릉(220),974
2014,10,10,5,금,2호선,선릉(220),2139
2014,10,11,6,토,2호선,선릉(220),1124
2014,10,12,7,일,2호선,선릉(220),701
2014,10,13,1,월,2호선,선릉(220),1877
2014,10,14,2,화,2호선,선릉(220),2198
2014,10,15,3,수,2호선,선릉(220),2184
2014,10,16,4,목,2호선,선릉(220),2274
2014,10,17,5,금,2호선,선릉(220),2352
2014,10,18,6,토,2호선,선릉(220),1264
2014,10,19,7,일,2호선,선릉(220),647
2014,10,20,1,월,2호선,선릉(220),1792
2014,10,21,2,화,2호선,선릉(220),2022
2014,10,22,3,수,2호선,선릉(220),2152
2014,10,23,4,목,2호선,선릉(220),2220
2014,10,24,5,금,2호선,선릉(220),2519
2014,10,25,6,토,2호선,선릉(220),1310
2014,10,26,7,일,2호선,선릉(220),652
2014,10,27,1,월,2호선,선릉(220),1879
2014,10,28,2,화,2호선,선릉(220),2181
2014,10,29,3,수,2호선,선릉(220),2290
2014,10,30,4,목,2호선,선릉(220),2428
2014,10,31,5,금,2호선,선릉(220),2622
2014,11,1,6,토,2호선,선릉(220),1155
2014,11,2,7,일,2호선,선릉(220),603
2014,11,3,1,월,2호선,선릉(220),1981
2014,11,4,2,화,2호선,선릉(220),2188
2014,11,5,3,수,2호선,선릉(220),2269
2014,11,6,4,목,2호선,선릉(220),2305
2014,11,7,5,금,2호선,선릉(220),2483
2014,11,8,6,토,2호선,선릉(220),1233
2014,11,9,7,일,2호선,선릉(220),635
2014,11,10,1,월,2호선,선릉(220),2091
2014,11,11,2,화,2호선,선릉(220),2100
2014,11,12,3,수,2호선,선릉(220),2099
2014,11,13,4,목,2호선,선릉(220),2307
2014,11,14,5,금,2호선,선릉(220),2488
2014,11,15,6,토,2호선,선릉(220),1284
2014,11,16,7,일,2호선,선릉(220),715
2014,11,17,1,월,2호선,선릉(220),2060
2014,11,18,2,화,2호선,선릉(220),2120
2014,11,19,3,수,2호선,선릉(220),2344
2014,11,20,4,목,2호선,선릉(220),2507
2014,11,21,5,금,2호선,선릉(220),2564
2014,11,22,6,토,2호선,선릉(220),1139
2014,11,23,7,일,2호선,선릉(220),753
2014,11,24,1,월,2호선,선릉(220),2108
2014,11,25,2,화,2호선,선릉(220),2245
2014,11,26,3,수,2호선,선릉(220),2379
2014,11,27,4,목,2호선,선릉(220),2611
2014,11,28,5,금,2호선,선릉(220),3018
2014,11,29,6,토,2호선,선릉(220),1439
2014,11,30,7,일,2호선,선릉(220),736
2014,12,1,1,월,2호선,선릉(220),1954
2014,12,2,2,화,2호선,선릉(220),2162
2014,12,3,3,수,2호선,선릉(220),2338
2014,12,4,4,목,2호선,선릉(220),2499
2014,12,5,5,금,2호선,선릉(220),2859
2014,12,6,6,토,2호선,선릉(220),1318
2014,12,7,7,일,2호선,선릉(220),621
2014,12,8,1,월,2호선,선릉(220),2216
2014,12,9,2,화,2호선,선릉(220),2427
2014,12,10,3,수,2호선,선릉(220),2736
2014,12,11,4,목,2호선,선릉(220),2768
2014,12,12,5,금,2호선,선릉(220),3361
2014,12,13,6,토,2호선,선릉(220),1438
2014,12,14,7,일,2호선,선릉(220),624
2014,12,15,1,월,2호선,선릉(220),2472
2014,12,16,2,화,2호선,선릉(220),2437
2014,12,17,3,수,2호선,선릉(220),2518
2014,12,18,4,목,2호선,선릉(220),2960
2014,12,19,5,금,2호선,선릉(220),3768
2014,12,20,6,토,2호선,선릉(220),1615
2014,12,21,7,일,2호선,선릉(220),736
2014,12,22,1,월,2호선,선릉(220),2721
2014,12,23,2,화,2호선,선릉(220),3426
2014,12,24,3,수,2호선,선릉(220),2064
2014,12,25,4,공,2호선,선릉(220),862
2014,12,26,5,금,2호선,선릉(220),2666
2014,12,27,6,토,2호선,선릉(220),1491
2014,12,28,7,일,2호선,선릉(220),761
2014,12,29,1,월,2호선,선릉(220),3050
2014,12,30,2,화,2호선,선릉(220),3364
2014,12,31,3,수,2호선,선릉(220),1554
