2011,1,1,6,공,1호선,종로5가(154),467
2011,1,2,7,일,1호선,종로5가(154),665
2011,1,3,1,월,1호선,종로5가(154),2815
2011,1,4,2,화,1호선,종로5가(154),3053
2011,1,5,3,수,1호선,종로5가(154),3159
2011,1,6,4,목,1호선,종로5가(154),3067
2011,1,7,5,금,1호선,종로5가(154),2847
2011,1,8,6,토,1호선,종로5가(154),2677
2011,1,9,7,일,1호선,종로5가(154),876
2011,1,10,1,월,1호선,종로5가(154),3055
2011,1,11,2,화,1호선,종로5가(154),3137
2011,1,12,3,수,1호선,종로5가(154),2868
2011,1,13,4,목,1호선,종로5가(154),3129
2011,1,14,5,금,1호선,종로5가(154),3191
2011,1,15,6,토,1호선,종로5가(154),2666
2011,1,16,7,일,1호선,종로5가(154),704
2011,1,17,1,월,1호선,종로5가(154),2960
2011,1,18,2,화,1호선,종로5가(154),3186
2011,1,19,3,수,1호선,종로5가(154),2895
2011,1,20,4,목,1호선,종로5가(154),3063
2011,1,21,5,금,1호선,종로5가(154),3180
2011,1,22,6,토,1호선,종로5가(154),2781
2011,1,23,7,일,1호선,종로5가(154),891
2011,1,24,1,월,1호선,종로5가(154),3251
2011,1,25,2,화,1호선,종로5가(154),3144
2011,1,26,3,수,1호선,종로5가(154),2913
2011,1,27,4,목,1호선,종로5가(154),3398
2011,1,28,5,금,1호선,종로5가(154),3070
2011,1,29,6,토,1호선,종로5가(154),2761
2011,1,30,7,일,1호선,종로5가(154),830
2011,1,31,1,월,1호선,종로5가(154),3074
2011,2,1,2,화,1호선,종로5가(154),2535
2011,2,2,3,공,1호선,종로5가(154),717
2011,2,3,4,공,1호선,종로5가(154),222
2011,2,4,5,공,1호선,종로5가(154),441
2011,2,5,6,토,1호선,종로5가(154),1294
2011,2,6,7,일,1호선,종로5가(154),773
2011,2,7,1,월,1호선,종로5가(154),3181
2011,2,8,2,화,1호선,종로5가(154),3326
2011,2,9,3,수,1호선,종로5가(154),3307
2011,2,10,4,목,1호선,종로5가(154),3139
2011,2,11,5,금,1호선,종로5가(154),3362
2011,2,12,6,토,1호선,종로5가(154),3046
2011,2,13,7,일,1호선,종로5가(154),1013
2011,2,14,1,월,1호선,종로5가(154),3257
2011,2,15,2,화,1호선,종로5가(154),3273
2011,2,16,3,수,1호선,종로5가(154),3084
2011,2,17,4,목,1호선,종로5가(154),3273
2011,2,18,5,금,1호선,종로5가(154),3321
2011,2,19,6,토,1호선,종로5가(154),2754
2011,2,20,7,일,1호선,종로5가(154),1023
2011,2,21,1,월,1호선,종로5가(154),3630
2011,2,22,2,화,1호선,종로5가(154),3498
2011,2,23,3,수,1호선,종로5가(154),3228
2011,2,24,4,목,1호선,종로5가(154),3127
2011,2,25,5,금,1호선,종로5가(154),3398
2011,2,26,6,토,1호선,종로5가(154),2663
2011,2,27,7,일,1호선,종로5가(154),958
2011,2,28,1,월,1호선,종로5가(154),3118
2011,3,1,2,공,1호선,종로5가(154),2102
2011,3,2,3,수,1호선,종로5가(154),2872
2011,3,3,4,목,1호선,종로5가(154),2935
2011,3,4,5,금,1호선,종로5가(154),3236
2011,3,5,6,토,1호선,종로5가(154),2758
2011,3,6,7,일,1호선,종로5가(154),962
2011,3,7,1,월,1호선,종로5가(154),3506
2011,3,8,2,화,1호선,종로5가(154),3424
2011,3,9,3,수,1호선,종로5가(154),3116
2011,3,10,4,목,1호선,종로5가(154),3019
2011,3,11,5,금,1호선,종로5가(154),3172
2011,3,12,6,토,1호선,종로5가(154),2809
2011,3,13,7,일,1호선,종로5가(154),977
2011,3,14,1,월,1호선,종로5가(154),3327
2011,3,15,2,화,1호선,종로5가(154),2941
2011,3,16,3,수,1호선,종로5가(154),3234
2011,3,17,4,목,1호선,종로5가(154),2886
2011,3,18,5,금,1호선,종로5가(154),3253
2011,3,19,6,토,1호선,종로5가(154),3114
2011,3,20,7,일,1호선,종로5가(154),1175
2011,3,21,1,월,1호선,종로5가(154),3516
2011,3,22,2,화,1호선,종로5가(154),3334
2011,3,23,3,수,1호선,종로5가(154),3014
2011,3,24,4,목,1호선,종로5가(154),3231
2011,3,25,5,금,1호선,종로5가(154),3088
2011,3,26,6,토,1호선,종로5가(154),2960
2011,3,27,7,일,1호선,종로5가(154),1062
2011,3,28,1,월,1호선,종로5가(154),3093
2011,3,29,2,화,1호선,종로5가(154),3300
2011,3,30,3,수,1호선,종로5가(154),3172
2011,3,31,4,목,1호선,종로5가(154),3369
2011,4,1,5,금,1호선,종로5가(154),3306
2011,4,2,6,토,1호선,종로5가(154),2981
2011,4,3,7,일,1호선,종로5가(154),1071
2011,4,4,1,월,1호선,종로5가(154),3385
2011,4,5,2,화,1호선,종로5가(154),3225
2011,4,6,3,수,1호선,종로5가(154),3126
2011,4,7,4,목,1호선,종로5가(154),2834
2011,4,8,5,금,1호선,종로5가(154),3129
2011,4,9,6,토,1호선,종로5가(154),2991
2011,4,10,7,일,1호선,종로5가(154),1027
2011,4,11,1,월,1호선,종로5가(154),3264
2011,4,12,2,화,1호선,종로5가(154),3273
2011,4,13,3,수,1호선,종로5가(154),3225
2011,4,14,4,목,1호선,종로5가(154),3147
2011,4,15,5,금,1호선,종로5가(154),3304
2011,4,16,6,토,1호선,종로5가(154),2809
2011,4,17,7,일,1호선,종로5가(154),1297
2011,4,18,1,월,1호선,종로5가(154),3150
2011,4,19,2,화,1호선,종로5가(154),3371
2011,4,20,3,수,1호선,종로5가(154),3232
2011,4,21,4,목,1호선,종로5가(154),3263
2011,4,22,5,금,1호선,종로5가(154),3045
2011,4,23,6,토,1호선,종로5가(154),3070
2011,4,24,7,일,1호선,종로5가(154),1006
2011,4,25,1,월,1호선,종로5가(154),3335
2011,4,26,2,화,1호선,종로5가(154),3174
2011,4,27,3,수,1호선,종로5가(154),2962
2011,4,28,4,목,1호선,종로5가(154),3285
2011,4,29,5,금,1호선,종로5가(154),3561
2011,4,30,6,토,1호선,종로5가(154),2763
2011,5,1,7,일,1호선,종로5가(154),1010
2011,5,2,1,월,1호선,종로5가(154),3181
2011,5,3,2,화,1호선,종로5가(154),3333
2011,5,4,3,수,1호선,종로5가(154),3004
2011,5,5,4,공,1호선,종로5가(154),2205
2011,5,6,5,금,1호선,종로5가(154),3225
2011,5,7,6,토,1호선,종로5가(154),2435
2011,5,8,7,일,1호선,종로5가(154),1119
2011,5,9,1,월,1호선,종로5가(154),3106
2011,5,10,2,공,1호선,종로5가(154),1857
2011,5,11,3,수,1호선,종로5가(154),3065
2011,5,12,4,목,1호선,종로5가(154),3345
2011,5,13,5,금,1호선,종로5가(154),3200
2011,5,14,6,토,1호선,종로5가(154),3069
2011,5,15,7,일,1호선,종로5가(154),1093
2011,5,16,1,월,1호선,종로5가(154),3375
2011,5,17,2,화,1호선,종로5가(154),3314
2011,5,18,3,수,1호선,종로5가(154),3216
2011,5,19,4,목,1호선,종로5가(154),3296
2011,5,20,5,금,1호선,종로5가(154),2912
2011,5,21,6,토,1호선,종로5가(154),2857
2011,5,22,7,일,1호선,종로5가(154),1107
2011,5,23,1,월,1호선,종로5가(154),3316
2011,5,24,2,화,1호선,종로5가(154),3183
2011,5,25,3,수,1호선,종로5가(154),3226
2011,5,26,4,목,1호선,종로5가(154),3184
2011,5,27,5,금,1호선,종로5가(154),3271
2011,5,28,6,토,1호선,종로5가(154),3007
2011,5,29,7,일,1호선,종로5가(154),1038
2011,5,30,1,월,1호선,종로5가(154),3243
2011,5,31,2,화,1호선,종로5가(154),3129
2011,6,1,3,수,1호선,종로5가(154),2929
2011,6,2,4,목,1호선,종로5가(154),3378
2011,6,3,5,금,1호선,종로5가(154),2992
2011,6,4,6,토,1호선,종로5가(154),2819
2011,6,5,7,일,1호선,종로5가(154),1118
2011,6,6,1,공,1호선,종로5가(154),1979
2011,6,7,2,화,1호선,종로5가(154),3167
2011,6,8,3,수,1호선,종로5가(154),2992
2011,6,9,4,목,1호선,종로5가(154),3076
2011,6,10,5,금,1호선,종로5가(154),3153
2011,6,11,6,토,1호선,종로5가(154),2987
2011,6,12,7,일,1호선,종로5가(154),1084
2011,6,13,1,월,1호선,종로5가(154),3314
2011,6,14,2,화,1호선,종로5가(154),3317
2011,6,15,3,수,1호선,종로5가(154),3231
2011,6,16,4,목,1호선,종로5가(154),3395
2011,6,17,5,금,1호선,종로5가(154),3146
2011,6,18,6,토,1호선,종로5가(154),3023
2011,6,19,7,일,1호선,종로5가(154),975
2011,6,20,1,월,1호선,종로5가(154),3439
2011,6,21,2,화,1호선,종로5가(154),3538
2011,6,22,3,수,1호선,종로5가(154),3068
2011,6,23,4,목,1호선,종로5가(154),2785
2011,6,24,5,금,1호선,종로5가(154),2842
2011,6,25,6,토,1호선,종로5가(154),2662
2011,6,26,7,일,1호선,종로5가(154),930
2011,6,27,1,월,1호선,종로5가(154),3079
2011,6,28,2,화,1호선,종로5가(154),3378
2011,6,29,3,수,1호선,종로5가(154),2843
2011,6,30,4,목,1호선,종로5가(154),2839
2011,7,1,5,금,1호선,종로5가(154),3329
2011,7,2,6,토,1호선,종로5가(154),2886
2011,7,3,7,일,1호선,종로5가(154),804
2011,7,4,1,월,1호선,종로5가(154),3173
2011,7,5,2,화,1호선,종로5가(154),3291
2011,7,6,3,수,1호선,종로5가(154),3348
2011,7,7,4,목,1호선,종로5가(154),3026
2011,7,8,5,금,1호선,종로5가(154),2994
2011,7,9,6,토,1호선,종로5가(154),2638
2011,7,10,7,일,1호선,종로5가(154),929
2011,7,11,1,월,1호선,종로5가(154),3118
2011,7,12,2,화,1호선,종로5가(154),3070
2011,7,13,3,수,1호선,종로5가(154),3336
2011,7,14,4,목,1호선,종로5가(154),3134
2011,7,15,5,금,1호선,종로5가(154),3314
2011,7,16,6,토,1호선,종로5가(154),2747
2011,7,17,7,일,1호선,종로5가(154),861
2011,7,18,1,월,1호선,종로5가(154),3288
2011,7,19,2,화,1호선,종로5가(154),3415
2011,7,20,3,수,1호선,종로5가(154),3511
2011,7,21,4,목,1호선,종로5가(154),3311
2011,7,22,5,금,1호선,종로5가(154),3293
2011,7,23,6,토,1호선,종로5가(154),2834
2011,7,24,7,일,1호선,종로5가(154),948
2011,7,25,1,월,1호선,종로5가(154),2978
2011,7,26,2,화,1호선,종로5가(154),3373
2011,7,27,3,수,1호선,종로5가(154),2623
2011,7,28,4,목,1호선,종로5가(154),2540
2011,7,29,5,금,1호선,종로5가(154),3154
2011,7,30,6,토,1호선,종로5가(154),2744
2011,7,31,7,일,1호선,종로5가(154),915
2011,8,1,1,월,1호선,종로5가(154),2302
2011,8,2,2,화,1호선,종로5가(154),2315
2011,8,3,3,수,1호선,종로5가(154),2224
2011,8,4,4,목,1호선,종로5가(154),2654
2011,8,5,5,금,1호선,종로5가(154),2909
2011,8,6,6,토,1호선,종로5가(154),2614
2011,8,7,7,일,1호선,종로5가(154),959
2011,8,8,1,월,1호선,종로5가(154),2688
2011,8,9,2,화,1호선,종로5가(154),3236
2011,8,10,3,수,1호선,종로5가(154),3234
2011,8,11,4,목,1호선,종로5가(154),3006
2011,8,12,5,금,1호선,종로5가(154),3073
2011,8,13,6,토,1호선,종로5가(154),2399
2011,8,14,7,일,1호선,종로5가(154),954
2011,8,15,1,공,1호선,종로5가(154),1808
2011,8,16,2,화,1호선,종로5가(154),3015
2011,8,17,3,수,1호선,종로5가(154),2951
2011,8,18,4,목,1호선,종로5가(154),3166
2011,8,19,5,금,1호선,종로5가(154),3215
2011,8,20,6,토,1호선,종로5가(154),2934
2011,8,21,7,일,1호선,종로5가(154),1221
2011,8,22,1,월,1호선,종로5가(154),3332
2011,8,23,2,화,1호선,종로5가(154),3460
2011,8,24,3,수,1호선,종로5가(154),3281
2011,8,25,4,목,1호선,종로5가(154),3245
2011,8,26,5,금,1호선,종로5가(154),3160
2011,8,27,6,토,1호선,종로5가(154),2832
2011,8,28,7,일,1호선,종로5가(154),971
2011,8,29,1,월,1호선,종로5가(154),3164
2011,8,30,2,화,1호선,종로5가(154),3355
2011,8,31,3,수,1호선,종로5가(154),3200
2011,9,1,4,목,1호선,종로5가(154),3195
2011,9,2,5,금,1호선,종로5가(154),3055
2011,9,3,6,토,1호선,종로5가(154),3064
2011,9,4,7,일,1호선,종로5가(154),1067
2011,9,5,1,월,1호선,종로5가(154),3464
2011,9,6,2,화,1호선,종로5가(154),3466
2011,9,7,3,수,1호선,종로5가(154),3423
2011,9,8,4,목,1호선,종로5가(154),3366
2011,9,9,5,금,1호선,종로5가(154),2924
2011,9,10,6,토,1호선,종로5가(154),2304
2011,9,11,7,공,1호선,종로5가(154),737
2011,9,12,1,공,1호선,종로5가(154),304
2011,9,13,2,공,1호선,종로5가(154),592
2011,9,14,3,수,1호선,종로5가(154),2952
2011,9,15,4,목,1호선,종로5가(154),3261
2011,9,16,5,금,1호선,종로5가(154),3123
2011,9,17,6,토,1호선,종로5가(154),2998
2011,9,18,7,일,1호선,종로5가(154),977
2011,9,19,1,월,1호선,종로5가(154),3275
2011,9,20,2,화,1호선,종로5가(154),3281
2011,9,21,3,수,1호선,종로5가(154),3022
2011,9,22,4,목,1호선,종로5가(154),3230
2011,9,23,5,금,1호선,종로5가(154),3139
2011,9,24,6,토,1호선,종로5가(154),3190
2011,9,25,7,일,1호선,종로5가(154),1056
2011,9,26,1,월,1호선,종로5가(154),3176
2011,9,27,2,화,1호선,종로5가(154),3267
2011,9,28,3,수,1호선,종로5가(154),3279
2011,9,29,4,목,1호선,종로5가(154),2986
2011,9,30,5,금,1호선,종로5가(154),3177
2011,10,1,6,토,1호선,종로5가(154),2714
2011,10,2,7,일,1호선,종로5가(154),1006
2011,10,3,1,공,1호선,종로5가(154),2202
2011,10,4,2,화,1호선,종로5가(154),3274
2011,10,5,3,수,1호선,종로5가(154),3186
2011,10,6,4,목,1호선,종로5가(154),3196
2011,10,7,5,금,1호선,종로5가(154),3156
2011,10,8,6,토,1호선,종로5가(154),2927
2011,10,9,7,일,1호선,종로5가(154),1072
2011,10,10,1,월,1호선,종로5가(154),3119
2011,10,11,2,화,1호선,종로5가(154),3142
2011,10,12,3,수,1호선,종로5가(154),3187
2011,10,13,4,목,1호선,종로5가(154),3073
2011,10,14,5,금,1호선,종로5가(154),2953
2011,10,15,6,토,1호선,종로5가(154),3085
2011,10,16,7,일,1호선,종로5가(154),1113
2011,10,17,1,월,1호선,종로5가(154),3206
2011,10,18,2,화,1호선,종로5가(154),3022
2011,10,19,3,수,1호선,종로5가(154),3163
2011,10,20,4,목,1호선,종로5가(154),3361
2011,10,21,5,금,1호선,종로5가(154),3171
2011,10,22,6,토,1호선,종로5가(154),3036
2011,10,23,7,일,1호선,종로5가(154),1096
2011,10,24,1,월,1호선,종로5가(154),3272
2011,10,25,2,화,1호선,종로5가(154),3409
2011,10,26,3,수,1호선,종로5가(154),3194
2011,10,27,4,목,1호선,종로5가(154),3229
2011,10,28,5,금,1호선,종로5가(154),3118
2011,10,29,6,토,1호선,종로5가(154),2798
2011,10,30,7,일,1호선,종로5가(154),1045
2011,10,31,1,월,1호선,종로5가(154),3174
2011,11,1,2,화,1호선,종로5가(154),3046
2011,11,2,3,수,1호선,종로5가(154),2949
2011,11,3,4,목,1호선,종로5가(154),2995
2011,11,4,5,금,1호선,종로5가(154),3062
2011,11,5,6,토,1호선,종로5가(154),2940
2011,11,6,7,일,1호선,종로5가(154),1132
2011,11,7,1,월,1호선,종로5가(154),3038
2011,11,8,2,화,1호선,종로5가(154),3245
2011,11,9,3,수,1호선,종로5가(154),3145
2011,11,10,4,목,1호선,종로5가(154),3192
2011,11,11,5,금,1호선,종로5가(154),2866
2011,11,12,6,토,1호선,종로5가(154),2931
2011,11,13,7,일,1호선,종로5가(154),1153
2011,11,14,1,월,1호선,종로5가(154),3265
2011,11,15,2,화,1호선,종로5가(154),3037
2011,11,16,3,수,1호선,종로5가(154),2826
2011,11,17,4,목,1호선,종로5가(154),3112
2011,11,18,5,금,1호선,종로5가(154),3102
2011,11,19,6,토,1호선,종로5가(154),2800
2011,11,20,7,일,1호선,종로5가(154),961
2011,11,21,1,월,1호선,종로5가(154),3114
2011,11,22,2,화,1호선,종로5가(154),3037
2011,11,23,3,수,1호선,종로5가(154),3003
2011,11,24,4,목,1호선,종로5가(154),2948
2011,11,25,5,금,1호선,종로5가(154),3084
2011,11,26,6,토,1호선,종로5가(154),2863
2011,11,27,7,일,1호선,종로5가(154),1044
2011,11,28,1,월,1호선,종로5가(154),3193
2011,11,29,2,화,1호선,종로5가(154),3132
2011,11,30,3,수,1호선,종로5가(154),2933
2011,12,1,4,목,1호선,종로5가(154),3325
2011,12,2,5,금,1호선,종로5가(154),3295
2011,12,3,6,토,1호선,종로5가(154),2802
2011,12,4,7,일,1호선,종로5가(154),982
2011,12,5,1,월,1호선,종로5가(154),3244
2011,12,6,2,화,1호선,종로5가(154),3356
2011,12,7,3,수,1호선,종로5가(154),3197
2011,12,8,4,목,1호선,종로5가(154),3249
2011,12,9,5,금,1호선,종로5가(154),3134
2011,12,10,6,토,1호선,종로5가(154),2603
2011,12,11,7,일,1호선,종로5가(154),1028
2011,12,12,1,월,1호선,종로5가(154),3284
2011,12,13,2,화,1호선,종로5가(154),3259
2011,12,14,3,수,1호선,종로5가(154),3214
2011,12,15,4,목,1호선,종로5가(154),3224
2011,12,16,5,금,1호선,종로5가(154),2963
2011,12,17,6,토,1호선,종로5가(154),2447
2011,12,18,7,일,1호선,종로5가(154),984
2011,12,19,1,월,1호선,종로5가(154),3487
2011,12,20,2,화,1호선,종로5가(154),3314
2011,12,21,3,수,1호선,종로5가(154),3205
2011,12,22,4,목,1호선,종로5가(154),3116
2011,12,23,5,금,1호선,종로5가(154),2800
2011,12,24,6,토,1호선,종로5가(154),2489
2011,12,25,7,공,1호선,종로5가(154),756
2011,12,26,1,월,1호선,종로5가(154),2852
2011,12,27,2,화,1호선,종로5가(154),2976
2011,12,28,3,수,1호선,종로5가(154),3168
2011,12,29,4,목,1호선,종로5가(154),3085
2011,12,30,5,금,1호선,종로5가(154),3036
2011,12,31,6,토,1호선,종로5가(154),2291
2012,1,1,7,공,1호선,종로5가(154),629
2012,1,2,1,월,1호선,종로5가(154),2609
2012,1,3,2,화,1호선,종로5가(154),2849
2012,1,4,3,수,1호선,종로5가(154),3008
2012,1,5,4,목,1호선,종로5가(154),3165
2012,1,6,5,금,1호선,종로5가(154),3018
2012,1,7,6,토,1호선,종로5가(154),2530
2012,1,8,7,일,1호선,종로5가(154),946
2012,1,9,1,월,1호선,종로5가(154),3076
2012,1,10,2,화,1호선,종로5가(154),3004
2012,1,11,3,수,1호선,종로5가(154),2925
2012,1,12,4,목,1호선,종로5가(154),2951
2012,1,13,5,금,1호선,종로5가(154),2974
2012,1,14,6,토,1호선,종로5가(154),2789
2012,1,15,7,일,1호선,종로5가(154),998
2012,1,16,1,월,1호선,종로5가(154),3352
2012,1,17,2,화,1호선,종로5가(154),3126
2012,1,18,3,수,1호선,종로5가(154),2997
2012,1,19,4,목,1호선,종로5가(154),3351
2012,1,20,5,금,1호선,종로5가(154),2906
2012,1,21,6,토,1호선,종로5가(154),2102
2012,1,22,7,공,1호선,종로5가(154),691
2012,1,23,1,공,1호선,종로5가(154),191
2012,1,24,2,공,1호선,종로5가(154),326
2012,1,25,3,수,1호선,종로5가(154),2294
2012,1,26,4,목,1호선,종로5가(154),2817
2012,1,27,5,금,1호선,종로5가(154),3139
2012,1,28,6,토,1호선,종로5가(154),2799
2012,1,29,7,일,1호선,종로5가(154),972
2012,1,30,1,월,1호선,종로5가(154),3287
2012,1,31,2,화,1호선,종로5가(154),2957
2012,2,1,3,수,1호선,종로5가(154),2638
2012,2,2,4,목,1호선,종로5가(154),258
2012,2,3,5,금,1호선,종로5가(154),2840
2012,2,4,6,토,1호선,종로5가(154),2590
2012,2,5,7,일,1호선,종로5가(154),885
2012,2,6,1,월,1호선,종로5가(154),3105
2012,2,7,2,화,1호선,종로5가(154),3041
2012,2,8,3,수,1호선,종로5가(154),2664
2012,2,9,4,목,1호선,종로5가(154),3164
2012,2,10,5,금,1호선,종로5가(154),3059
2012,2,11,6,토,1호선,종로5가(154),2816
2012,2,12,7,일,1호선,종로5가(154),1056
2012,2,13,1,월,1호선,종로5가(154),3222
2012,2,14,2,화,1호선,종로5가(154),3182
2012,2,15,3,수,1호선,종로5가(154),2979
2012,2,16,4,목,1호선,종로5가(154),3197
2012,2,17,5,금,1호선,종로5가(154),2714
2012,2,18,6,토,1호선,종로5가(154),2634
2012,2,19,7,일,1호선,종로5가(154),1031
2012,2,20,1,월,1호선,종로5가(154),3175
2012,2,21,2,화,1호선,종로5가(154),3298
2012,2,22,3,수,1호선,종로5가(154),3098
2012,2,23,4,목,1호선,종로5가(154),3253
2012,2,24,5,금,1호선,종로5가(154),3439
2012,2,25,6,토,1호선,종로5가(154),2742
2012,2,26,7,일,1호선,종로5가(154),981
2012,2,27,1,월,1호선,종로5가(154),3254
2012,2,28,2,화,1호선,종로5가(154),3309
2012,2,29,3,수,1호선,종로5가(154),3062
2012,3,1,4,공,1호선,종로5가(154),2458
2012,3,2,5,금,1호선,종로5가(154),3136
2012,3,3,6,토,1호선,종로5가(154),2811
2012,3,4,7,일,1호선,종로5가(154),1134
2012,3,5,1,월,1호선,종로5가(154),3067
2012,3,6,2,화,1호선,종로5가(154),3074
2012,3,7,3,수,1호선,종로5가(154),2949
2012,3,8,4,목,1호선,종로5가(154),2993
2012,3,9,5,금,1호선,종로5가(154),2986
2012,3,10,6,토,1호선,종로5가(154),2950
2012,3,11,7,일,1호선,종로5가(154),1131
2012,3,12,1,월,1호선,종로5가(154),3187
2012,3,13,2,화,1호선,종로5가(154),3174
2012,3,14,3,수,1호선,종로5가(154),2856
2012,3,15,4,목,1호선,종로5가(154),3260
2012,3,16,5,금,1호선,종로5가(154),3086
2012,3,17,6,토,1호선,종로5가(154),2915
2012,3,18,7,일,1호선,종로5가(154),1519
2012,3,19,1,월,1호선,종로5가(154),3183
2012,3,20,2,화,1호선,종로5가(154),3138
2012,3,21,3,수,1호선,종로5가(154),3135
2012,3,22,4,목,1호선,종로5가(154),3103
2012,3,23,5,금,1호선,종로5가(154),3263
2012,3,24,6,토,1호선,종로5가(154),2968
2012,3,25,7,일,1호선,종로5가(154),1214
2012,3,26,1,월,1호선,종로5가(154),3422
2012,3,27,2,화,1호선,종로5가(154),3183
2012,3,28,3,수,1호선,종로5가(154),3362
2012,3,29,4,목,1호선,종로5가(154),3290
2012,3,30,5,금,1호선,종로5가(154),3107
2012,3,31,6,토,1호선,종로5가(154),2937
2012,4,1,7,일,1호선,종로5가(154),1129
2012,4,2,1,월,1호선,종로5가(154),3150
2012,4,3,2,화,1호선,종로5가(154),2885
2012,4,4,3,수,1호선,종로5가(154),3045
2012,4,5,4,목,1호선,종로5가(154),3164
2012,4,6,5,금,1호선,종로5가(154),3183
2012,4,7,6,토,1호선,종로5가(154),2859
2012,4,8,7,일,1호선,종로5가(154),1111
2012,4,9,1,월,1호선,종로5가(154),3061
2012,4,10,2,화,1호선,종로5가(154),2995
2012,4,11,3,공,1호선,종로5가(154),2861
2012,4,12,4,목,1호선,종로5가(154),3185
2012,4,13,5,금,1호선,종로5가(154),3114
2012,4,14,6,토,1호선,종로5가(154),3018
2012,4,15,7,일,1호선,종로5가(154),1159
2012,4,16,1,월,1호선,종로5가(154),3314
2012,4,17,2,화,1호선,종로5가(154),3146
2012,4,18,3,수,1호선,종로5가(154),3237
2012,4,19,4,목,1호선,종로5가(154),3272
2012,4,20,5,금,1호선,종로5가(154),3052
2012,4,21,6,토,1호선,종로5가(154),2888
2012,4,22,7,일,1호선,종로5가(154),1058
2012,4,23,1,월,1호선,종로5가(154),3025
2012,4,24,2,화,1호선,종로5가(154),3124
2012,4,25,3,수,1호선,종로5가(154),3161
2012,4,26,4,목,1호선,종로5가(154),3144
2012,4,27,5,금,1호선,종로5가(154),3196
2012,4,28,6,토,1호선,종로5가(154),3036
2012,4,29,7,일,1호선,종로5가(154),1204
2012,4,30,1,월,1호선,종로5가(154),3305
2012,5,1,2,화,1호선,종로5가(154),3211
2012,5,2,3,수,1호선,종로5가(154),3078
2012,5,3,4,목,1호선,종로5가(154),3061
2012,5,4,5,금,1호선,종로5가(154),3194
2012,5,5,6,공,1호선,종로5가(154),2693
2012,5,6,7,일,1호선,종로5가(154),1163
2012,5,7,1,월,1호선,종로5가(154),3403
2012,5,8,2,화,1호선,종로5가(154),3286
2012,5,9,3,수,1호선,종로5가(154),3298
2012,5,10,4,목,1호선,종로5가(154),3389
2012,5,11,5,금,1호선,종로5가(154),3368
2012,5,12,6,토,1호선,종로5가(154),2953
2012,5,13,7,일,1호선,종로5가(154),1240
2012,5,14,1,월,1호선,종로5가(154),3290
2012,5,15,2,화,1호선,종로5가(154),991
2012,5,16,3,수,1호선,종로5가(154),3321
2012,5,17,4,목,1호선,종로5가(154),3105
2012,5,18,5,금,1호선,종로5가(154),3313
2012,5,19,6,토,1호선,종로5가(154),3039
2012,5,20,7,일,1호선,종로5가(154),1224
2012,5,21,1,월,1호선,종로5가(154),3357
2012,5,22,2,화,1호선,종로5가(154),3347
2012,5,23,3,수,1호선,종로5가(154),3262
2012,5,24,4,목,1호선,종로5가(154),3775
2012,5,25,5,금,1호선,종로5가(154),3369
2012,5,26,6,토,1호선,종로5가(154),3029
2012,5,27,7,일,1호선,종로5가(154),1241
2012,5,28,1,공,1호선,종로5가(154),2196
2012,5,29,2,화,1호선,종로5가(154),3121
2012,5,30,3,수,1호선,종로5가(154),3098
2012,5,31,4,목,1호선,종로5가(154),3145
2012,6,1,5,금,1호선,종로5가(154),3268
2012,6,2,6,토,1호선,종로5가(154),2865
2012,6,3,7,일,1호선,종로5가(154),1221
2012,6,4,1,월,1호선,종로5가(154),3141
2012,6,5,2,화,1호선,종로5가(154),3044
2012,6,6,3,공,1호선,종로5가(154),2305
2012,6,7,4,목,1호선,종로5가(154),3121
2012,6,8,5,금,1호선,종로5가(154),3183
2012,6,9,6,토,1호선,종로5가(154),3047
2012,6,10,7,일,1호선,종로5가(154),1194
2012,6,11,1,월,1호선,종로5가(154),3425
2012,6,12,2,화,1호선,종로5가(154),3251
2012,6,13,3,수,1호선,종로5가(154),3020
2012,6,14,4,목,1호선,종로5가(154),3093
2012,6,15,5,금,1호선,종로5가(154),3240
2012,6,16,6,토,1호선,종로5가(154),2865
2012,6,17,7,일,1호선,종로5가(154),1264
2012,6,18,1,월,1호선,종로5가(154),3311
2012,6,19,2,화,1호선,종로5가(154),3225
2012,6,20,3,수,1호선,종로5가(154),3176
2012,6,21,4,목,1호선,종로5가(154),3320
2012,6,22,5,금,1호선,종로5가(154),3276
2012,6,23,6,토,1호선,종로5가(154),2912
2012,6,24,7,일,1호선,종로5가(154),1131
2012,6,25,1,월,1호선,종로5가(154),3495
2012,6,26,2,화,1호선,종로5가(154),3247
2012,6,27,3,수,1호선,종로5가(154),3202
2012,6,28,4,목,1호선,종로5가(154),3184
2012,6,29,5,금,1호선,종로5가(154),3604
2012,6,30,6,토,1호선,종로5가(154),2240
2012,7,1,7,일,1호선,종로5가(154),1070
2012,7,2,1,월,1호선,종로5가(154),3241
2012,7,3,2,화,1호선,종로5가(154),3231
2012,7,4,3,수,1호선,종로5가(154),3129
2012,7,5,4,목,1호선,종로5가(154),2880
2012,7,6,5,금,1호선,종로5가(154),2753
2012,7,7,6,토,1호선,종로5가(154),3060
2012,7,8,7,일,1호선,종로5가(154),1119
2012,7,9,1,월,1호선,종로5가(154),3345
2012,7,10,2,화,1호선,종로5가(154),3589
2012,7,11,3,수,1호선,종로5가(154),2964
2012,7,12,4,목,1호선,종로5가(154),3211
2012,7,13,5,금,1호선,종로5가(154),3244
2012,7,14,6,토,1호선,종로5가(154),2686
2012,7,15,7,일,1호선,종로5가(154),989
2012,7,16,1,월,1호선,종로5가(154),3244
2012,7,17,2,화,1호선,종로5가(154),3315
2012,7,18,3,수,1호선,종로5가(154),2808
2012,7,19,4,목,1호선,종로5가(154),2569
2012,7,20,5,금,1호선,종로5가(154),3049
2012,7,21,6,토,1호선,종로5가(154),2837
2012,7,22,7,일,1호선,종로5가(154),977
2012,7,23,1,월,1호선,종로5가(154),3143
2012,7,24,2,화,1호선,종로5가(154),3138
2012,7,25,3,수,1호선,종로5가(154),3064
2012,7,26,4,목,1호선,종로5가(154),3090
2012,7,27,5,금,1호선,종로5가(154),3008
2012,7,28,6,토,1호선,종로5가(154),2719
2012,7,29,7,일,1호선,종로5가(154),1053
2012,7,30,1,월,1호선,종로5가(154),2993
2012,7,31,2,화,1호선,종로5가(154),2959
2012,8,1,3,수,1호선,종로5가(154),2267
2012,8,2,4,목,1호선,종로5가(154),2146
2012,8,3,5,금,1호선,종로5가(154),2203
2012,8,4,6,토,1호선,종로5가(154),1872
2012,8,5,7,일,1호선,종로5가(154),930
2012,8,6,1,월,1호선,종로5가(154),2961
2012,8,7,2,화,1호선,종로5가(154),2877
2012,8,8,3,수,1호선,종로5가(154),2914
2012,8,9,4,목,1호선,종로5가(154),2994
2012,8,10,5,금,1호선,종로5가(154),2828
2012,8,11,6,토,1호선,종로5가(154),2520
2012,8,12,7,일,1호선,종로5가(154),978
2012,8,13,1,월,1호선,종로5가(154),3042
2012,8,14,2,화,1호선,종로5가(154),2990
2012,8,15,3,공,1호선,종로5가(154),1892
2012,8,16,4,목,1호선,종로5가(154),2986
2012,8,17,5,금,1호선,종로5가(154),2995
2012,8,18,6,토,1호선,종로5가(154),2635
2012,8,19,7,일,1호선,종로5가(154),1096
2012,8,20,1,월,1호선,종로5가(154),2900
2012,8,21,2,화,1호선,종로5가(154),2906
2012,8,22,3,수,1호선,종로5가(154),2837
2012,8,23,4,목,1호선,종로5가(154),3065
2012,8,24,5,금,1호선,종로5가(154),3148
2012,8,25,6,토,1호선,종로5가(154),2966
2012,8,26,7,일,1호선,종로5가(154),1103
2012,8,27,1,월,1호선,종로5가(154),3168
2012,8,28,2,화,1호선,종로5가(154),2166
2012,8,29,3,수,1호선,종로5가(154),3081
2012,8,30,4,목,1호선,종로5가(154),3168
2012,8,31,5,금,1호선,종로5가(154),2934
2012,9,1,6,토,1호선,종로5가(154),2963
2012,9,2,7,일,1호선,종로5가(154),1186
2012,9,3,1,월,1호선,종로5가(154),3381
2012,9,4,2,화,1호선,종로5가(154),2989
2012,9,5,3,수,1호선,종로5가(154),2991
2012,9,6,4,목,1호선,종로5가(154),3357
2012,9,7,5,금,1호선,종로5가(154),3211
2012,9,8,6,토,1호선,종로5가(154),2781
2012,9,9,7,일,1호선,종로5가(154),1157
2012,9,10,1,월,1호선,종로5가(154),3298
2012,9,11,2,화,1호선,종로5가(154),3145
2012,9,12,3,수,1호선,종로5가(154),2969
2012,9,13,4,목,1호선,종로5가(154),3149
2012,9,14,5,금,1호선,종로5가(154),3285
2012,9,15,6,토,1호선,종로5가(154),3194
2012,9,16,7,일,1호선,종로5가(154),1180
2012,9,17,1,월,1호선,종로5가(154),2921
2012,9,18,2,화,1호선,종로5가(154),3200
2012,9,19,3,수,1호선,종로5가(154),3281
2012,9,20,4,목,1호선,종로5가(154),3229
2012,9,21,5,금,1호선,종로5가(154),3252
2012,9,22,6,토,1호선,종로5가(154),3048
2012,9,23,7,일,1호선,종로5가(154),1316
2012,9,24,1,월,1호선,종로5가(154),3382
2012,9,25,2,화,1호선,종로5가(154),3299
2012,9,26,3,수,1호선,종로5가(154),3180
2012,9,27,4,목,1호선,종로5가(154),3257
2012,9,28,5,금,1호선,종로5가(154),2955
2012,9,29,6,공,1호선,종로5가(154),1168
2012,9,30,7,공,1호선,종로5가(154),418
2012,10,1,1,공,1호선,종로5가(154),651
2012,10,2,2,화,1호선,종로5가(154),1999
2012,10,3,3,공,1호선,종로5가(154),2047
2012,10,4,4,목,1호선,종로5가(154),3125
2012,10,5,5,금,1호선,종로5가(154),3109
2012,10,6,6,토,1호선,종로5가(154),3143
2012,10,7,7,일,1호선,종로5가(154),1212
2012,10,8,1,월,1호선,종로5가(154),3341
2012,10,9,2,화,1호선,종로5가(154),3396
2012,10,10,3,수,1호선,종로5가(154),3118
2012,10,11,4,목,1호선,종로5가(154),3334
2012,10,12,5,금,1호선,종로5가(154),2936
2012,10,13,6,토,1호선,종로5가(154),3051
2012,10,14,7,일,1호선,종로5가(154),1274
2012,10,15,1,월,1호선,종로5가(154),3159
2012,10,16,2,화,1호선,종로5가(154),3259
2012,10,17,3,수,1호선,종로5가(154),3041
2012,10,18,4,목,1호선,종로5가(154),2841
2012,10,19,5,금,1호선,종로5가(154),3043
2012,10,20,6,토,1호선,종로5가(154),3049
2012,10,21,7,일,1호선,종로5가(154),1282
2012,10,22,1,월,1호선,종로5가(154),2873
2012,10,23,2,화,1호선,종로5가(154),3352
2012,10,24,3,수,1호선,종로5가(154),3210
2012,10,25,4,목,1호선,종로5가(154),3168
2012,10,26,5,금,1호선,종로5가(154),3074
2012,10,27,6,토,1호선,종로5가(154),2925
2012,10,28,7,일,1호선,종로5가(154),1265
2012,10,29,1,월,1호선,종로5가(154),3129
2012,10,30,2,화,1호선,종로5가(154),3037
2012,10,31,3,수,1호선,종로5가(154),3208
2012,11,1,4,목,1호선,종로5가(154),3093
2012,11,2,5,금,1호선,종로5가(154),3002
2012,11,3,6,토,1호선,종로5가(154),3032
2012,11,4,7,일,1호선,종로5가(154),1058
2012,11,5,1,월,1호선,종로5가(154),3150
2012,11,6,2,화,1호선,종로5가(154),3274
2012,11,7,3,수,1호선,종로5가(154),2975
2012,11,8,4,목,1호선,종로5가(154),3213
2012,11,9,5,금,1호선,종로5가(154),3091
2012,11,10,6,토,1호선,종로5가(154),2843
2012,11,11,7,일,1호선,종로5가(154),1164
2012,11,12,1,월,1호선,종로5가(154),2863
2012,11,13,2,화,1호선,종로5가(154),3318
2012,11,14,3,수,1호선,종로5가(154),3085
2012,11,15,4,목,1호선,종로5가(154),3014
2012,11,16,5,금,1호선,종로5가(154),3317
2012,11,17,6,토,1호선,종로5가(154),2694
2012,11,18,7,일,1호선,종로5가(154),1187
2012,11,19,1,월,1호선,종로5가(154),3110
2012,11,20,2,화,1호선,종로5가(154),3054
2012,11,21,3,수,1호선,종로5가(154),3156
2012,11,22,4,목,1호선,종로5가(154),3044
2012,11,23,5,금,1호선,종로5가(154),3126
2012,11,24,6,토,1호선,종로5가(154),2738
2012,11,25,7,일,1호선,종로5가(154),1051
2012,11,26,1,월,1호선,종로5가(154),3127
2012,11,27,2,화,1호선,종로5가(154),3110
2012,11,28,3,수,1호선,종로5가(154),3017
2012,11,29,4,목,1호선,종로5가(154),3093
2012,11,30,5,금,1호선,종로5가(154),3074
2012,12,1,6,토,1호선,종로5가(154),2580
2012,12,2,7,일,1호선,종로5가(154),1059
2012,12,3,1,월,1호선,종로5가(154),3207
2012,12,4,2,화,1호선,종로5가(154),3441
2012,12,5,3,수,1호선,종로5가(154),3324
2012,12,6,4,목,1호선,종로5가(154),3030
2012,12,7,5,금,1호선,종로5가(154),3091
2012,12,8,6,토,1호선,종로5가(154),2500
2012,12,9,7,일,1호선,종로5가(154),1063
2012,12,10,1,월,1호선,종로5가(154),3133
2012,12,11,2,화,1호선,종로5가(154),3245
2012,12,12,3,수,1호선,종로5가(154),3249
2012,12,13,4,목,1호선,종로5가(154),3202
2012,12,14,5,금,1호선,종로5가(154),3092
2012,12,15,6,토,1호선,종로5가(154),2733
2012,12,16,7,일,1호선,종로5가(154),1091
2012,12,17,1,월,1호선,종로5가(154),3830
2012,12,18,2,화,1호선,종로5가(154),3441
2012,12,19,3,공,1호선,종로5가(154),2462
2012,12,20,4,목,1호선,종로5가(154),3102
2012,12,21,5,금,1호선,종로5가(154),3190
2012,12,22,6,토,1호선,종로5가(154),2808
2012,12,23,7,일,1호선,종로5가(154),1081
2012,12,24,1,월,1호선,종로5가(154),2790
2012,12,25,2,공,1호선,종로5가(154),1516
2012,12,26,3,수,1호선,종로5가(154),2842
2012,12,27,4,목,1호선,종로5가(154),3302
2012,12,28,5,금,1호선,종로5가(154),3223
2012,12,29,6,토,1호선,종로5가(154),2586
2012,12,30,7,일,1호선,종로5가(154),1060
2012,12,31,1,월,1호선,종로5가(154),2539
2013,1,1,2,공,1호선,종로5가(154),603
2013,1,2,3,수,1호선,종로5가(154),2511
2013,1,3,4,목,1호선,종로5가(154),2657
2013,1,4,5,금,1호선,종로5가(154),2570
2013,1,5,6,토,1호선,종로5가(154),2243
2013,1,6,7,일,1호선,종로5가(154),1037
2013,1,7,1,월,1호선,종로5가(154),3138
2013,1,8,2,화,1호선,종로5가(154),3638
2013,1,9,3,수,1호선,종로5가(154),3196
2013,1,10,4,목,1호선,종로5가(154),3059
2013,1,11,5,금,1호선,종로5가(154),3180
2013,1,12,6,토,1호선,종로5가(154),2732
2013,1,13,7,일,1호선,종로5가(154),1071
2013,1,14,1,월,1호선,종로5가(154),3385
2013,1,15,2,화,1호선,종로5가(154),3100
2013,1,16,3,수,1호선,종로5가(154),3105
2013,1,17,4,목,1호선,종로5가(154),3061
2013,1,18,5,금,1호선,종로5가(154),3115
2013,1,19,6,토,1호선,종로5가(154),2594
2013,1,20,7,일,1호선,종로5가(154),1074
2013,1,21,1,월,1호선,종로5가(154),3080
2013,1,22,2,화,1호선,종로5가(154),3180
2013,1,23,3,수,1호선,종로5가(154),3167
2013,1,24,4,목,1호선,종로5가(154),3373
2013,1,25,5,금,1호선,종로5가(154),2960
2013,1,26,6,토,1호선,종로5가(154),2527
2013,1,27,7,일,1호선,종로5가(154),1083
2013,1,28,1,월,1호선,종로5가(154),3162
2013,1,29,2,화,1호선,종로5가(154),2999
2013,1,30,3,수,1호선,종로5가(154),2997
2013,1,31,4,목,1호선,종로5가(154),3608
2013,2,1,5,금,1호선,종로5가(154),2797
2013,2,2,6,토,1호선,종로5가(154),2871
2013,2,3,7,일,1호선,종로5가(154),1109
2013,2,4,1,월,1호선,종로5가(154),3207
2013,2,5,2,화,1호선,종로5가(154),3313
2013,2,6,3,수,1호선,종로5가(154),3203
2013,2,7,4,목,1호선,종로5가(154),3217
2013,2,8,5,금,1호선,종로5가(154),2413
2013,2,9,6,공,1호선,종로5가(154),887
2013,2,10,7,공,1호선,종로5가(154),402
2013,2,11,1,공,1호선,종로5가(154),461
2013,2,12,2,화,1호선,종로5가(154),2859
2013,2,13,3,수,1호선,종로5가(154),3125
2013,2,14,4,목,1호선,종로5가(154),3289
2013,2,15,5,금,1호선,종로5가(154),3491
2013,2,16,6,토,1호선,종로5가(154),3014
2013,2,17,7,일,1호선,종로5가(154),1218
2013,2,18,1,월,1호선,종로5가(154),3258
2013,2,19,2,화,1호선,종로5가(154),3136
2013,2,20,3,수,1호선,종로5가(154),3035
2013,2,21,4,목,1호선,종로5가(154),3237
2013,2,22,5,금,1호선,종로5가(154),3065
2013,2,23,6,토,1호선,종로5가(154),2660
2013,2,24,7,일,1호선,종로5가(154),1211
2013,2,25,1,월,1호선,종로5가(154),3039
2013,2,26,2,화,1호선,종로5가(154),3419
2013,2,27,3,수,1호선,종로5가(154),3269
2013,2,28,4,목,1호선,종로5가(154),3300
2013,3,1,5,공,1호선,종로5가(154),2335
2013,3,2,6,토,1호선,종로5가(154),2548
2013,3,3,7,일,1호선,종로5가(154),1214
2013,3,4,1,월,1호선,종로5가(154),3323
2013,3,5,2,화,1호선,종로5가(154),3246
2013,3,6,3,수,1호선,종로5가(154),3086
2013,3,7,4,목,1호선,종로5가(154),3045
2013,3,8,5,금,1호선,종로5가(154),3083
2013,3,9,6,토,1호선,종로5가(154),3158
2013,3,10,7,일,1호선,종로5가(154),1275
2013,3,11,1,월,1호선,종로5가(154),3159
2013,3,12,2,화,1호선,종로5가(154),3270
2013,3,13,3,수,1호선,종로5가(154),2846
2013,3,14,4,목,1호선,종로5가(154),3128
2013,3,15,5,금,1호선,종로5가(154),3439
2013,3,16,6,토,1호선,종로5가(154),2890
2013,3,17,7,일,1호선,종로5가(154),1624
2013,3,18,1,월,1호선,종로5가(154),3353
2013,3,19,2,화,1호선,종로5가(154),3133
2013,3,20,3,수,1호선,종로5가(154),2997
2013,3,21,4,목,1호선,종로5가(154),3241
2013,3,22,5,금,1호선,종로5가(154),3214
2013,3,23,6,토,1호선,종로5가(154),3012
2013,3,24,7,일,1호선,종로5가(154),1316
2013,3,25,1,월,1호선,종로5가(154),3401
2013,3,26,2,화,1호선,종로5가(154),3436
2013,3,27,3,수,1호선,종로5가(154),2982
2013,3,28,4,목,1호선,종로5가(154),3371
2013,3,29,5,금,1호선,종로5가(154),3270
2013,3,30,6,토,1호선,종로5가(154),2940
2013,3,31,7,일,1호선,종로5가(154),1385
2013,4,1,1,월,1호선,종로5가(154),3339
2013,4,2,2,화,1호선,종로5가(154),3256
2013,4,3,3,수,1호선,종로5가(154),3210
2013,4,4,4,목,1호선,종로5가(154),3291
2013,4,5,5,금,1호선,종로5가(154),3234
2013,4,6,6,토,1호선,종로5가(154),2659
2013,4,7,7,일,1호선,종로5가(154),1391
2013,4,8,1,월,1호선,종로5가(154),3269
2013,4,9,2,화,1호선,종로5가(154),3638
2013,4,10,3,수,1호선,종로5가(154),2868
2013,4,11,4,목,1호선,종로5가(154),3210
2013,4,12,5,금,1호선,종로5가(154),3296
2013,4,13,6,토,1호선,종로5가(154),2940
2013,4,14,7,일,1호선,종로5가(154),1176
2013,4,15,1,월,1호선,종로5가(154),3117
2013,4,16,2,화,1호선,종로5가(154),3200
2013,4,17,3,수,1호선,종로5가(154),3242
2013,4,18,4,목,1호선,종로5가(154),3141
2013,4,19,5,금,1호선,종로5가(154),3153
2013,4,20,6,토,1호선,종로5가(154),2619
2013,4,21,7,일,1호선,종로5가(154),1363
2013,4,22,1,월,1호선,종로5가(154),3415
2013,4,23,2,화,1호선,종로5가(154),2946
2013,4,24,3,수,1호선,종로5가(154),2989
2013,4,25,4,목,1호선,종로5가(154),3198
2013,4,26,5,금,1호선,종로5가(154),3351
2013,4,27,6,토,1호선,종로5가(154),3042
2013,4,28,7,일,1호선,종로5가(154),1335
2013,4,29,1,월,1호선,종로5가(154),3114
2013,4,30,2,화,1호선,종로5가(154),3258
2013,5,1,3,수,1호선,종로5가(154),3108
2013,5,2,4,목,1호선,종로5가(154),3144
2013,5,3,5,금,1호선,종로5가(154),3215
2013,5,4,6,토,1호선,종로5가(154),2857
2013,5,5,7,일,1호선,종로5가(154),1194
2013,5,6,1,월,1호선,종로5가(154),3372
2013,5,7,2,화,1호선,종로5가(154),3522
2013,5,8,3,수,1호선,종로5가(154),3105
2013,5,9,4,목,1호선,종로5가(154),3267
2013,5,10,5,금,1호선,종로5가(154),3055
2013,5,11,6,토,1호선,종로5가(154),3034
2013,5,12,7,일,1호선,종로5가(154),1240
2013,5,13,1,월,1호선,종로5가(154),3297
2013,5,14,2,화,1호선,종로5가(154),3306
2013,5,15,3,수,1호선,종로5가(154),3114
2013,5,16,4,목,1호선,종로5가(154),3124
2013,5,17,5,공,1호선,종로5가(154),2301
2013,5,18,6,토,1호선,종로5가(154),2625
2013,5,19,7,일,1호선,종로5가(154),1313
2013,5,20,1,월,1호선,종로5가(154),3310
2013,5,21,2,화,1호선,종로5가(154),3393
2013,5,22,3,수,1호선,종로5가(154),3142
2013,5,23,4,목,1호선,종로5가(154),3253
2013,5,24,5,금,1호선,종로5가(154),3297
2013,5,25,6,토,1호선,종로5가(154),2971
2013,5,26,7,일,1호선,종로5가(154),1379
2013,5,27,1,월,1호선,종로5가(154),3404
2013,5,28,2,화,1호선,종로5가(154),3115
2013,5,29,3,수,1호선,종로5가(154),2948
2013,5,30,4,목,1호선,종로5가(154),3138
2013,5,31,5,금,1호선,종로5가(154),1022
2013,6,1,6,토,1호선,종로5가(154),2771
2013,6,2,7,일,1호선,종로5가(154),1202
2013,6,3,1,월,1호선,종로5가(154),3201
2013,6,4,2,화,1호선,종로5가(154),3342
2013,6,5,3,수,1호선,종로5가(154),3206
2013,6,6,4,공,1호선,종로5가(154),2507
2013,6,7,5,금,1호선,종로5가(154),3092
2013,6,8,6,토,1호선,종로5가(154),2942
2013,6,9,7,일,1호선,종로5가(154),1235
2013,6,10,1,월,1호선,종로5가(154),3359
2013,6,11,2,화,1호선,종로5가(154),3275
2013,6,12,3,수,1호선,종로5가(154),2791
2013,6,13,4,목,1호선,종로5가(154),3026
2013,6,14,5,금,1호선,종로5가(154),3254
2013,6,15,6,토,1호선,종로5가(154),2908
2013,6,16,7,일,1호선,종로5가(154),1175
2013,6,17,1,월,1호선,종로5가(154),3343
2013,6,18,2,화,1호선,종로5가(154),2858
2013,6,19,3,수,1호선,종로5가(154),2994
2013,6,20,4,목,1호선,종로5가(154),3237
2013,6,21,5,금,1호선,종로5가(154),3199
2013,6,22,6,토,1호선,종로5가(154),2873
2013,6,23,7,일,1호선,종로5가(154),1387
2013,6,24,1,월,1호선,종로5가(154),3390
2013,6,25,2,화,1호선,종로5가(154),3365
2013,6,26,3,수,1호선,종로5가(154),3304
2013,6,27,4,목,1호선,종로5가(154),3435
2013,6,28,5,금,1호선,종로5가(154),3590
2013,6,29,6,토,1호선,종로5가(154),2956
2013,6,30,7,일,1호선,종로5가(154),1159
2013,7,1,1,월,1호선,종로5가(154),3366
2013,7,2,2,화,1호선,종로5가(154),3082
2013,7,3,3,수,1호선,종로5가(154),3053
2013,7,4,4,목,1호선,종로5가(154),3164
2013,7,5,5,금,1호선,종로5가(154),2883
2013,7,6,6,토,1호선,종로5가(154),2676
2013,7,7,7,일,1호선,종로5가(154),1142
2013,7,8,1,월,1호선,종로5가(154),3097
2013,7,9,2,화,1호선,종로5가(154),3218
2013,7,10,3,수,1호선,종로5가(154),2979
2013,7,11,4,목,1호선,종로5가(154),2854
2013,7,12,5,금,1호선,종로5가(154),3077
2013,7,13,6,토,1호선,종로5가(154),2207
2013,7,14,7,일,1호선,종로5가(154),1058
2013,7,15,1,월,1호선,종로5가(154),2923
2013,7,16,2,화,1호선,종로5가(154),3145
2013,7,17,3,수,1호선,종로5가(154),2992
2013,7,18,4,목,1호선,종로5가(154),2978
2013,7,19,5,금,1호선,종로5가(154),3107
2013,7,20,6,토,1호선,종로5가(154),2802
2013,7,21,7,일,1호선,종로5가(154),1052
2013,7,22,1,월,1호선,종로5가(154),2685
2013,7,23,2,화,1호선,종로5가(154),2755
2013,7,24,3,수,1호선,종로5가(154),2747
2013,7,25,4,목,1호선,종로5가(154),3361
2013,7,26,5,금,1호선,종로5가(154),3241
2013,7,27,6,토,1호선,종로5가(154),2951
2013,7,28,7,일,1호선,종로5가(154),1106
2013,7,29,1,월,1호선,종로5가(154),3207
2013,7,30,2,화,1호선,종로5가(154),3218
2013,7,31,3,수,1호선,종로5가(154),3281
2013,8,1,4,목,1호선,종로5가(154),2478
2013,8,2,5,금,1호선,종로5가(154),2482
2013,8,3,6,토,1호선,종로5가(154),2100
2013,8,4,7,일,1호선,종로5가(154),1066
2013,8,5,1,월,1호선,종로5가(154),2849
2013,8,6,2,화,1호선,종로5가(154),2822
2013,8,7,3,수,1호선,종로5가(154),2796
2013,8,8,4,목,1호선,종로5가(154),3001
2013,8,9,5,금,1호선,종로5가(154),3196
2013,8,10,6,토,1호선,종로5가(154),2681
2013,8,11,7,일,1호선,종로5가(154),1216
2013,8,12,1,월,1호선,종로5가(154),3338
2013,8,13,2,화,1호선,종로5가(154),3091
2013,8,14,3,수,1호선,종로5가(154),2910
2013,8,15,4,공,1호선,종로5가(154),2206
2013,8,16,5,금,1호선,종로5가(154),3078
2013,8,17,6,토,1호선,종로5가(154),2648
2013,8,18,7,일,1호선,종로5가(154),1025
2013,8,19,1,월,1호선,종로5가(154),3156
2013,8,20,2,화,1호선,종로5가(154),3392
2013,8,21,3,수,1호선,종로5가(154),3115
2013,8,22,4,목,1호선,종로5가(154),3187
2013,8,23,5,금,1호선,종로5가(154),3062
2013,8,24,6,토,1호선,종로5가(154),2723
2013,8,25,7,일,1호선,종로5가(154),1204
2013,8,26,1,월,1호선,종로5가(154),3448
2013,8,27,2,화,1호선,종로5가(154),3333
2013,8,28,3,수,1호선,종로5가(154),3139
2013,8,29,4,목,1호선,종로5가(154),2826
2013,8,30,5,금,1호선,종로5가(154),3297
2013,8,31,6,토,1호선,종로5가(154),2980
2013,9,1,7,일,1호선,종로5가(154),1153
2013,9,2,1,월,1호선,종로5가(154),3241
2013,9,3,2,화,1호선,종로5가(154),3428
2013,9,4,3,수,1호선,종로5가(154),3212
2013,9,5,4,목,1호선,종로5가(154),3328
2013,9,6,5,금,1호선,종로5가(154),3498
2013,9,7,6,토,1호선,종로5가(154),3033
2013,9,8,7,일,1호선,종로5가(154),1317
2013,9,9,1,월,1호선,종로5가(154),3189
2013,9,10,2,화,1호선,종로5가(154),3332
2013,9,11,3,수,1호선,종로5가(154),2893
2013,9,12,4,목,1호선,종로5가(154),3302
2013,9,13,5,금,1호선,종로5가(154),2926
2013,9,14,6,토,1호선,종로5가(154),2597
2013,9,15,7,일,1호선,종로5가(154),1417
2013,9,16,1,월,1호선,종로5가(154),3196
2013,9,17,2,화,1호선,종로5가(154),3051
2013,9,18,3,공,1호선,종로5가(154),1024
2013,9,19,4,공,1호선,종로5가(154),354
2013,9,20,5,공,1호선,종로5가(154),842
2013,9,21,6,토,1호선,종로5가(154),1767
2013,9,22,7,일,1호선,종로5가(154),1101
2013,9,23,1,월,1호선,종로5가(154),3456
2013,9,24,2,화,1호선,종로5가(154),3133
2013,9,25,3,수,1호선,종로5가(154),3137
2013,9,26,4,목,1호선,종로5가(154),3198
2013,9,27,5,금,1호선,종로5가(154),3144
2013,9,28,6,토,1호선,종로5가(154),3028
2013,9,29,7,일,1호선,종로5가(154),1270
2013,9,30,1,월,1호선,종로5가(154),3235
2013,10,1,2,화,1호선,종로5가(154),3250
2013,10,2,3,수,1호선,종로5가(154),3186
2013,10,3,4,공,1호선,종로5가(154),2336
2013,10,4,5,금,1호선,종로5가(154),3251
2013,10,5,6,토,1호선,종로5가(154),2709
2013,10,6,7,일,1호선,종로5가(154),1283
2013,10,7,1,월,1호선,종로5가(154),3249
2013,10,8,2,화,1호선,종로5가(154),3374
2013,10,9,3,공,1호선,종로5가(154),2440
2013,10,10,4,목,1호선,종로5가(154),3155
2013,10,11,5,금,1호선,종로5가(154),3303
2013,10,12,6,토,1호선,종로5가(154),3185
2013,10,13,7,일,1호선,종로5가(154),1385
2013,10,14,1,월,1호선,종로5가(154),3271
2013,10,15,2,화,1호선,종로5가(154),3100
2013,10,16,3,수,1호선,종로5가(154),3047
2013,10,17,4,목,1호선,종로5가(154),2919
2013,10,18,5,금,1호선,종로5가(154),3109
2013,10,19,6,토,1호선,종로5가(154),2600
2013,10,20,7,일,1호선,종로5가(154),1402
2013,10,21,1,월,1호선,종로5가(154),3172
2013,10,22,2,화,1호선,종로5가(154),3219
2013,10,23,3,수,1호선,종로5가(154),3225
2013,10,24,4,목,1호선,종로5가(154),3067
2013,10,25,5,금,1호선,종로5가(154),3165
2013,10,26,6,토,1호선,종로5가(154),2930
2013,10,27,7,일,1호선,종로5가(154),1322
2013,10,28,1,월,1호선,종로5가(154),3105
2013,10,29,2,화,1호선,종로5가(154),3058
2013,10,30,3,수,1호선,종로5가(154),3186
2013,10,31,4,목,1호선,종로5가(154),2907
2013,11,1,5,금,1호선,종로5가(154),3269
2013,11,2,6,토,1호선,종로5가(154),2864
2013,11,3,7,일,1호선,종로5가(154),1313
2013,11,4,1,월,1호선,종로5가(154),2968
2013,11,5,2,화,1호선,종로5가(154),3142
2013,11,6,3,수,1호선,종로5가(154),3089
2013,11,7,4,목,1호선,종로5가(154),3368
2013,11,8,5,금,1호선,종로5가(154),3320
2013,11,9,6,토,1호선,종로5가(154),2997
2013,11,10,7,일,1호선,종로5가(154),1337
2013,11,11,1,월,1호선,종로5가(154),3070
2013,11,12,2,화,1호선,종로5가(154),3098
2013,11,13,3,수,1호선,종로5가(154),2937
2013,11,14,4,목,1호선,종로5가(154),3137
2013,11,15,5,금,1호선,종로5가(154),3007
2013,11,16,6,토,1호선,종로5가(154),2475
2013,11,17,7,일,1호선,종로5가(154),1274
2013,11,18,1,월,1호선,종로5가(154),3114
2013,11,19,2,화,1호선,종로5가(154),3155
2013,11,20,3,수,1호선,종로5가(154),3048
2013,11,21,4,목,1호선,종로5가(154),3142
2013,11,22,5,금,1호선,종로5가(154),3111
2013,11,23,6,토,1호선,종로5가(154),2655
2013,11,24,7,일,1호선,종로5가(154),1234
2013,11,25,1,월,1호선,종로5가(154),2904
2013,11,26,2,화,1호선,종로5가(154),3113
2013,11,27,3,수,1호선,종로5가(154),3199
2013,11,28,4,목,1호선,종로5가(154),3035
2013,11,29,5,금,1호선,종로5가(154),3232
2013,11,30,6,토,1호선,종로5가(154),2643
2013,12,1,7,일,1호선,종로5가(154),1162
2013,12,2,1,월,1호선,종로5가(154),3208
2013,12,3,2,화,1호선,종로5가(154),3329
2013,12,4,3,수,1호선,종로5가(154),3059
2013,12,5,4,목,1호선,종로5가(154),3233
2013,12,6,5,금,1호선,종로5가(154),2801
2013,12,7,6,토,1호선,종로5가(154),2999
2013,12,8,7,일,1호선,종로5가(154),1267
2013,12,9,1,월,1호선,종로5가(154),3122
2013,12,10,2,화,1호선,종로5가(154),3416
2013,12,11,3,수,1호선,종로5가(154),3055
2013,12,12,4,목,1호선,종로5가(154),2723
2013,12,13,5,금,1호선,종로5가(154),3017
2013,12,14,6,토,1호선,종로5가(154),2486
2013,12,15,7,일,1호선,종로5가(154),1137
2013,12,16,1,월,1호선,종로5가(154),3214
2013,12,17,2,화,1호선,종로5가(154),2964
2013,12,18,3,수,1호선,종로5가(154),2808
2013,12,19,4,목,1호선,종로5가(154),2994
2013,12,20,5,금,1호선,종로5가(154),2710
2013,12,21,6,토,1호선,종로5가(154),2682
2013,12,22,7,일,1호선,종로5가(154),1232
2013,12,23,1,월,1호선,종로5가(154),3233
2013,12,24,2,화,1호선,종로5가(154),3180
2013,12,25,3,공,1호선,종로5가(154),1738
2013,12,26,4,목,1호선,종로5가(154),3382
2013,12,27,5,금,1호선,종로5가(154),2912
2013,12,28,6,토,1호선,종로5가(154),2529
2013,12,29,7,일,1호선,종로5가(154),1147
2013,12,30,1,월,1호선,종로5가(154),2916
2013,12,31,2,화,1호선,종로5가(154),2893
2014,1,1,3,공,1호선,종로5가(154),758
2014,1,2,4,목,1호선,종로5가(154),2707
2014,1,3,5,금,1호선,종로5가(154),2967
2014,1,4,6,토,1호선,종로5가(154),2640
2014,1,5,7,일,1호선,종로5가(154),1095
2014,1,6,1,월,1호선,종로5가(154),3220
2014,1,7,2,화,1호선,종로5가(154),3332
2014,1,8,3,수,1호선,종로5가(154),3031
2014,1,9,4,목,1호선,종로5가(154),2885
2014,1,10,5,금,1호선,종로5가(154),2998
2014,1,11,6,토,1호선,종로5가(154),2535
2014,1,12,7,일,1호선,종로5가(154),1186
2014,1,13,1,월,1호선,종로5가(154),3028
2014,1,14,2,화,1호선,종로5가(154),3182
2014,1,15,3,수,1호선,종로5가(154),3037
2014,1,16,4,목,1호선,종로5가(154),3199
2014,1,17,5,금,1호선,종로5가(154),3190
2014,1,18,6,토,1호선,종로5가(154),2777
2014,1,19,7,일,1호선,종로5가(154),1272
2014,1,20,1,월,1호선,종로5가(154),3191
2014,1,21,2,화,1호선,종로5가(154),3288
2014,1,22,3,수,1호선,종로5가(154),3041
2014,1,23,4,목,1호선,종로5가(154),3427
2014,1,24,5,금,1호선,종로5가(154),3513
2014,1,25,6,토,1호선,종로5가(154),2649
2014,1,26,7,일,1호선,종로5가(154),1222
2014,1,27,1,월,1호선,종로5가(154),3204
2014,1,28,2,화,1호선,종로5가(154),3311
2014,1,29,3,수,1호선,종로5가(154),2755
2014,1,30,4,공,1호선,종로5가(154),916
2014,1,31,5,공,1호선,종로5가(154),287
2014,2,1,6,공,1호선,종로5가(154),544
2014,2,2,7,일,1호선,종로5가(154),827
2014,2,3,1,월,1호선,종로5가(154),2727
2014,2,4,2,화,1호선,종로5가(154),2853
2014,2,5,3,수,1호선,종로5가(154),2844
2014,2,6,4,목,1호선,종로5가(154),3123
2014,2,7,5,금,1호선,종로5가(154),3012
2014,2,8,6,토,1호선,종로5가(154),2812
2014,2,9,7,일,1호선,종로5가(154),1206
2014,2,10,1,월,1호선,종로5가(154),3144
2014,2,11,2,화,1호선,종로5가(154),3100
2014,2,12,3,수,1호선,종로5가(154),3009
2014,2,13,4,목,1호선,종로5가(154),3091
2014,2,14,5,금,1호선,종로5가(154),3374
2014,2,15,6,토,1호선,종로5가(154),2629
2014,2,16,7,일,1호선,종로5가(154),1258
2014,2,17,1,월,1호선,종로5가(154),3169
2014,2,18,2,화,1호선,종로5가(154),3126
2014,2,19,3,수,1호선,종로5가(154),2952
2014,2,20,4,목,1호선,종로5가(154),3175
2014,2,21,5,금,1호선,종로5가(154),3014
2014,2,22,6,토,1호선,종로5가(154),2977
2014,2,23,7,일,1호선,종로5가(154),1252
2014,2,24,1,월,1호선,종로5가(154),3171
2014,2,25,2,화,1호선,종로5가(154),3331
2014,2,26,3,수,1호선,종로5가(154),3003
2014,2,27,4,목,1호선,종로5가(154),3345
2014,2,28,5,금,1호선,종로5가(154),3195
2014,3,1,6,토,1호선,종로5가(154),2654
2014,3,2,7,공,1호선,종로5가(154),1178
2014,3,3,1,월,1호선,종로5가(154),3012
2014,3,4,2,화,1호선,종로5가(154),3131
2014,3,5,3,수,1호선,종로5가(154),2937
2014,3,6,4,목,1호선,종로5가(154),3217
2014,3,7,5,금,1호선,종로5가(154),3136
2014,3,8,6,토,1호선,종로5가(154),2856
2014,3,9,7,일,1호선,종로5가(154),1328
2014,3,10,1,월,1호선,종로5가(154),3258
2014,3,11,2,화,1호선,종로5가(154),3153
2014,3,12,3,수,1호선,종로5가(154),3059
2014,3,13,4,목,1호선,종로5가(154),3244
2014,3,14,5,금,1호선,종로5가(154),3309
2014,3,15,6,토,1호선,종로5가(154),3035
2014,3,16,7,일,1호선,종로5가(154),1661
2014,3,17,1,월,1호선,종로5가(154),3297
2014,3,18,2,화,1호선,종로5가(154),2975
2014,3,19,3,수,1호선,종로5가(154),3069
2014,3,20,4,목,1호선,종로5가(154),3161
2014,3,21,5,금,1호선,종로5가(154),3368
2014,3,22,6,토,1호선,종로5가(154),3215
2014,3,23,7,일,1호선,종로5가(154),1358
2014,3,24,1,월,1호선,종로5가(154),3379
2014,3,25,2,화,1호선,종로5가(154),3365
2014,3,26,3,수,1호선,종로5가(154),3147
2014,3,27,4,목,1호선,종로5가(154),3141
2014,3,28,5,금,1호선,종로5가(154),3311
2014,3,29,6,토,1호선,종로5가(154),3019
2014,3,30,7,일,1호선,종로5가(154),1511
2014,3,31,1,월,1호선,종로5가(154),3208
2014,4,1,2,화,1호선,종로5가(154),3224
2014,4,2,3,수,1호선,종로5가(154),3233
2014,4,3,4,목,1호선,종로5가(154),3435
2014,4,4,5,금,1호선,종로5가(154),3081
2014,4,5,6,토,1호선,종로5가(154),2912
2014,4,6,7,일,1호선,종로5가(154),1353
2014,4,7,1,월,1호선,종로5가(154),3140
2014,4,8,2,화,1호선,종로5가(154),3467
2014,4,9,3,수,1호선,종로5가(154),3168
2014,4,10,4,목,1호선,종로5가(154),3082
2014,4,11,5,금,1호선,종로5가(154),3055
2014,4,12,6,토,1호선,종로5가(154),2978
2014,4,13,7,일,1호선,종로5가(154),1509
2014,4,14,1,월,1호선,종로5가(154),3317
2014,4,15,2,화,1호선,종로5가(154),3308
2014,4,16,3,수,1호선,종로5가(154),3094
2014,4,17,4,목,1호선,종로5가(154),3217
2014,4,18,5,금,1호선,종로5가(154),3230
2014,4,19,6,토,1호선,종로5가(154),3052
2014,4,20,7,일,1호선,종로5가(154),1307
2014,4,21,1,월,1호선,종로5가(154),3323
2014,4,22,2,화,1호선,종로5가(154),3373
2014,4,23,3,수,1호선,종로5가(154),3279
2014,4,24,4,목,1호선,종로5가(154),3137
2014,4,25,5,금,1호선,종로5가(154),3420
2014,4,26,6,토,1호선,종로5가(154),3539
2014,4,27,7,일,1호선,종로5가(154),1414
2014,4,28,1,월,1호선,종로5가(154),3189
2014,4,29,2,화,1호선,종로5가(154),3394
2014,4,30,3,수,1호선,종로5가(154),3263
2014,5,1,4,목,1호선,종로5가(154),2892
2014,5,2,5,금,1호선,종로5가(154),3187
2014,5,3,6,토,1호선,종로5가(154),3174
2014,5,4,7,일,1호선,종로5가(154),1428
2014,5,5,1,공,1호선,종로5가(154),2358
2014,5,6,2,공,1호선,종로5가(154),2103
2014,5,7,3,수,1호선,종로5가(154),3096
2014,5,8,4,목,1호선,종로5가(154),3109
2014,5,9,5,금,1호선,종로5가(154),3195
2014,5,10,6,토,1호선,종로5가(154),3102
2014,5,11,7,일,1호선,종로5가(154),1427
2014,5,12,1,월,1호선,종로5가(154),3226
2014,5,13,2,화,1호선,종로5가(154),3438
2014,5,14,3,수,1호선,종로5가(154),3349
2014,5,15,4,목,1호선,종로5가(154),3379
2014,5,16,5,금,1호선,종로5가(154),3267
2014,5,17,6,토,1호선,종로5가(154),3113
2014,5,18,7,일,1호선,종로5가(154),1537
2014,5,19,1,월,1호선,종로5가(154),3194
2014,5,20,2,화,1호선,종로5가(154),3216
2014,5,21,3,수,1호선,종로5가(154),3302
2014,5,22,4,목,1호선,종로5가(154),3275
2014,5,23,5,금,1호선,종로5가(154),3500
2014,5,24,6,토,1호선,종로5가(154),3065
2014,5,25,7,일,1호선,종로5가(154),1398
2014,5,26,1,월,1호선,종로5가(154),3182
2014,5,27,2,화,1호선,종로5가(154),3192
2014,5,28,3,수,1호선,종로5가(154),3103
2014,5,29,4,목,1호선,종로5가(154),2976
2014,5,30,5,금,1호선,종로5가(154),3285
2014,5,31,6,토,1호선,종로5가(154),3199
2014,6,1,7,일,1호선,종로5가(154),1315
2014,6,2,1,월,1호선,종로5가(154),3017
2014,6,3,2,화,1호선,종로5가(154),2957
2014,6,4,3,공,1호선,종로5가(154),2888
2014,6,5,4,목,1호선,종로5가(154),3198
2014,6,6,5,공,1호선,종로5가(154),2493
2014,6,7,6,토,1호선,종로5가(154),2801
2014,6,8,7,일,1호선,종로5가(154),1183
2014,6,9,1,월,1호선,종로5가(154),3281
2014,6,10,2,화,1호선,종로5가(154),3131
2014,6,11,3,수,1호선,종로5가(154),3186
2014,6,12,4,목,1호선,종로5가(154),3104
2014,6,13,5,금,1호선,종로5가(154),2957
2014,6,14,6,토,1호선,종로5가(154),3057
2014,6,15,7,일,1호선,종로5가(154),1268
2014,6,16,1,월,1호선,종로5가(154),3323
2014,6,17,2,화,1호선,종로5가(154),3073
2014,6,18,3,수,1호선,종로5가(154),3130
2014,6,19,4,목,1호선,종로5가(154),3165
2014,6,20,5,금,1호선,종로5가(154),3202
2014,6,21,6,토,1호선,종로5가(154),2813
2014,6,22,7,일,1호선,종로5가(154),1250
2014,6,23,1,월,1호선,종로5가(154),3172
2014,6,24,2,화,1호선,종로5가(154),3352
2014,6,25,3,수,1호선,종로5가(154),3142
2014,6,26,4,목,1호선,종로5가(154),3204
2014,6,27,5,금,1호선,종로5가(154),3397
2014,6,28,6,토,1호선,종로5가(154),2849
2014,6,29,7,일,1호선,종로5가(154),1274
2014,6,30,1,월,1호선,종로5가(154),3297
2014,7,1,2,화,1호선,종로5가(154),3274
2014,7,2,3,수,1호선,종로5가(154),2992
2014,7,3,4,목,1호선,종로5가(154),2997
2014,7,4,5,금,1호선,종로5가(154),3223
2014,7,5,6,토,1호선,종로5가(154),3122
2014,7,6,7,일,1호선,종로5가(154),1230
2014,7,7,1,월,1호선,종로5가(154),3373
2014,7,8,2,화,1호선,종로5가(154),3128
2014,7,9,3,수,1호선,종로5가(154),3181
2014,7,10,4,목,1호선,종로5가(154),3263
2014,7,11,5,금,1호선,종로5가(154),3331
2014,7,12,6,토,1호선,종로5가(154),3114
2014,7,13,7,일,1호선,종로5가(154),1255
2014,7,14,1,월,1호선,종로5가(154),3256
2014,7,15,2,화,1호선,종로5가(154),4173
2014,7,16,3,수,1호선,종로5가(154),3088
2014,7,17,4,목,1호선,종로5가(154),3369
2014,7,18,5,금,1호선,종로5가(154),2880
2014,7,19,6,토,1호선,종로5가(154),2758
2014,7,20,7,일,1호선,종로5가(154),1314
2014,7,21,1,월,1호선,종로5가(154),3355
2014,7,22,2,화,1호선,종로5가(154),3232
2014,7,23,3,수,1호선,종로5가(154),3011
2014,7,24,4,목,1호선,종로5가(154),2967
2014,7,25,5,금,1호선,종로5가(154),3101
2014,7,26,6,토,1호선,종로5가(154),2612
2014,7,27,7,일,1호선,종로5가(154),1331
2014,7,28,1,월,1호선,종로5가(154),3307
2014,7,29,2,화,1호선,종로5가(154),3279
2014,7,30,3,수,1호선,종로5가(154),2134
2014,7,31,4,목,1호선,종로5가(154),2828
2014,8,1,5,금,1호선,종로5가(154),2900
2014,8,2,6,토,1호선,종로5가(154),2317
2014,8,3,7,일,1호선,종로5가(154),1037
2014,8,4,1,월,1호선,종로5가(154),2566
2014,8,5,2,화,1호선,종로5가(154),2795
2014,8,6,3,수,1호선,종로5가(154),2560
2014,8,7,4,목,1호선,종로5가(154),2888
2014,8,8,5,금,1호선,종로5가(154),3101
2014,8,9,6,토,1호선,종로5가(154),2683
2014,8,10,7,일,1호선,종로5가(154),1269
2014,8,11,1,월,1호선,종로5가(154),3022
2014,8,12,2,화,1호선,종로5가(154),3203
2014,8,13,3,수,1호선,종로5가(154),3112
2014,8,14,4,목,1호선,종로5가(154),3044
2014,8,15,5,공,1호선,종로5가(154),2627
2014,8,16,6,토,1호선,종로5가(154),2524
2014,8,17,7,일,1호선,종로5가(154),1129
2014,8,18,1,월,1호선,종로5가(154),3226
2014,8,19,2,화,1호선,종로5가(154),3036
2014,8,20,3,수,1호선,종로5가(154),3087
2014,8,21,4,목,1호선,종로5가(154),2650
2014,8,22,5,금,1호선,종로5가(154),3015
2014,8,23,6,토,1호선,종로5가(154),2933
2014,8,24,7,일,1호선,종로5가(154),1323
2014,8,25,1,월,1호선,종로5가(154),3237
2014,8,26,2,화,1호선,종로5가(154),3521
2014,8,27,3,수,1호선,종로5가(154),3318
2014,8,28,4,목,1호선,종로5가(154),3252
2014,8,29,5,금,1호선,종로5가(154),3178
2014,8,30,6,토,1호선,종로5가(154),3023
2014,8,31,7,일,1호선,종로5가(154),1452
2014,9,1,1,월,1호선,종로5가(154),3444
2014,9,2,2,화,1호선,종로5가(154),3369
2014,9,3,3,수,1호선,종로5가(154),2943
2014,9,4,4,목,1호선,종로5가(154),3253
2014,9,5,5,금,1호선,종로5가(154),3134
2014,9,6,6,토,1호선,종로5가(154),2684
2014,9,7,7,일,1호선,종로5가(154),1104
2014,9,8,1,공,1호선,종로5가(154),368
2014,9,9,2,공,1호선,종로5가(154),763
2014,9,10,3,공,1호선,종로5가(154),1585
2014,9,11,4,목,1호선,종로5가(154),3173
2014,9,12,5,금,1호선,종로5가(154),3205
2014,9,13,6,토,1호선,종로5가(154),3129
2014,9,14,7,일,1호선,종로5가(154),1309
2014,9,15,1,월,1호선,종로5가(154),3544
2014,9,16,2,화,1호선,종로5가(154),3625
2014,9,17,3,수,1호선,종로5가(154),3129
2014,9,18,4,목,1호선,종로5가(154),3338
2014,9,19,5,금,1호선,종로5가(154),3369
2014,9,20,6,토,1호선,종로5가(154),3509
2014,9,21,7,일,1호선,종로5가(154),1322
2014,9,22,1,월,1호선,종로5가(154),3245
2014,9,23,2,화,1호선,종로5가(154),3178
2014,9,24,3,수,1호선,종로5가(154),3146
2014,9,25,4,목,1호선,종로5가(154),3202
2014,9,26,5,금,1호선,종로5가(154),3134
2014,9,27,6,토,1호선,종로5가(154),3094
2014,9,28,7,일,1호선,종로5가(154),1343
2014,9,29,1,월,1호선,종로5가(154),3157
2014,9,30,2,화,1호선,종로5가(154),3189
2014,10,1,3,수,1호선,종로5가(154),3158
2014,10,2,4,목,1호선,종로5가(154),3144
2014,10,3,5,공,1호선,종로5가(154),2547
2014,10,4,6,토,1호선,종로5가(154),2797
2014,10,5,7,일,1호선,종로5가(154),1369
2014,10,6,1,월,1호선,종로5가(154),3334
2014,10,7,2,화,1호선,종로5가(154),3458
2014,10,8,3,수,1호선,종로5가(154),3394
2014,10,9,4,공,1호선,종로5가(154),2592
2014,10,10,5,금,1호선,종로5가(154),3227
2014,10,11,6,토,1호선,종로5가(154),3104
2014,10,12,7,일,1호선,종로5가(154),1367
2014,10,13,1,월,1호선,종로5가(154),3208
2014,10,14,2,화,1호선,종로5가(154),3329
2014,10,15,3,수,1호선,종로5가(154),3133
2014,10,16,4,목,1호선,종로5가(154),3020
2014,10,17,5,금,1호선,종로5가(154),3102
2014,10,18,6,토,1호선,종로5가(154),2779
2014,10,19,7,일,1호선,종로5가(154),1394
2014,10,20,1,월,1호선,종로5가(154),3199
2014,10,21,2,화,1호선,종로5가(154),3176
2014,10,22,3,수,1호선,종로5가(154),3153
2014,10,23,4,목,1호선,종로5가(154),3243
2014,10,24,5,금,1호선,종로5가(154),3368
2014,10,25,6,토,1호선,종로5가(154),3075
2014,10,26,7,일,1호선,종로5가(154),1406
2014,10,27,1,월,1호선,종로5가(154),3163
2014,10,28,2,화,1호선,종로5가(154),3071
2014,10,29,3,수,1호선,종로5가(154),3207
2014,10,30,4,목,1호선,종로5가(154),3165
2014,10,31,5,금,1호선,종로5가(154),3102
2014,11,1,6,토,1호선,종로5가(154),2795
2014,11,2,7,일,1호선,종로5가(154),1364
2014,11,3,1,월,1호선,종로5가(154),3217
2014,11,4,2,화,1호선,종로5가(154),3222
2014,11,5,3,수,1호선,종로5가(154),2948
2014,11,6,4,목,1호선,종로5가(154),3132
2014,11,7,5,금,1호선,종로5가(154),3182
2014,11,8,6,토,1호선,종로5가(154),3046
2014,11,9,7,일,1호선,종로5가(154),1349
2014,11,10,1,월,1호선,종로5가(154),2810
2014,11,11,2,화,1호선,종로5가(154),3227
2014,11,12,3,수,1호선,종로5가(154),2940
2014,11,13,4,목,1호선,종로5가(154),3163
2014,11,14,5,금,1호선,종로5가(154),3070
2014,11,15,6,토,1호선,종로5가(154),2796
2014,11,16,7,일,1호선,종로5가(154),1246
2014,11,17,1,월,1호선,종로5가(154),3156
2014,11,18,2,화,1호선,종로5가(154),3196
2014,11,19,3,수,1호선,종로5가(154),3104
2014,11,20,4,목,1호선,종로5가(154),3185
2014,11,21,5,금,1호선,종로5가(154),3170
2014,11,22,6,토,1호선,종로5가(154),2654
2014,11,23,7,일,1호선,종로5가(154),1296
2014,11,24,1,월,1호선,종로5가(154),3129
2014,11,25,2,화,1호선,종로5가(154),3390
2014,11,26,3,수,1호선,종로5가(154),3210
2014,11,27,4,목,1호선,종로5가(154),3221
2014,11,28,5,금,1호선,종로5가(154),2954
2014,11,29,6,토,1호선,종로5가(154),2817
2014,11,30,7,일,1호선,종로5가(154),1295
2014,12,1,1,월,1호선,종로5가(154),3296
2014,12,2,2,화,1호선,종로5가(154),2911
2014,12,3,3,수,1호선,종로5가(154),2947
2014,12,4,4,목,1호선,종로5가(154),3091
2014,12,5,5,금,1호선,종로5가(154),2829
2014,12,6,6,토,1호선,종로5가(154),2764
2014,12,7,7,일,1호선,종로5가(154),1263
2014,12,8,1,월,1호선,종로5가(154),3162
2014,12,9,2,화,1호선,종로5가(154),3435
2014,12,10,3,수,1호선,종로5가(154),3226
2014,12,11,4,목,1호선,종로5가(154),3083
2014,12,12,5,금,1호선,종로5가(154),3251
2014,12,13,6,토,1호선,종로5가(154),2975
2014,12,14,7,일,1호선,종로5가(154),1204
2014,12,15,1,월,1호선,종로5가(154),3501
2014,12,16,2,화,1호선,종로5가(154),3081
2014,12,17,3,수,1호선,종로5가(154),2893
2014,12,18,4,목,1호선,종로5가(154),2889
2014,12,19,5,금,1호선,종로5가(154),3110
2014,12,20,6,토,1호선,종로5가(154),2875
2014,12,21,7,일,1호선,종로5가(154),1304
2014,12,22,1,월,1호선,종로5가(154),3446
2014,12,23,2,화,1호선,종로5가(154),3321
2014,12,24,3,수,1호선,종로5가(154),3007
2014,12,25,4,공,1호선,종로5가(154),1874
2014,12,26,5,금,1호선,종로5가(154),3181
2014,12,27,6,토,1호선,종로5가(154),2751
2014,12,28,7,일,1호선,종로5가(154),1278
2014,12,29,1,월,1호선,종로5가(154),3110
2014,12,30,2,화,1호선,종로5가(154),3379
2014,12,31,3,수,1호선,종로5가(154),2981
