2011,1,1,6,공,3호선,독립문(316),527
2011,1,2,7,일,3호선,독립문(316),645
2011,1,3,1,월,3호선,독립문(316),855
2011,1,4,2,화,3호선,독립문(316),981
2011,1,5,3,수,3호선,독립문(316),878
2011,1,6,4,목,3호선,독립문(316),803
2011,1,7,5,금,3호선,독립문(316),851
2011,1,8,6,토,3호선,독립문(316),921
2011,1,9,7,일,3호선,독립문(316),836
2011,1,10,1,월,3호선,독립문(316),878
2011,1,11,2,화,3호선,독립문(316),850
2011,1,12,3,수,3호선,독립문(316),941
2011,1,13,4,목,3호선,독립문(316),887
2011,1,14,5,금,3호선,독립문(316),1000
2011,1,15,6,토,3호선,독립문(316),868
2011,1,16,7,일,3호선,독립문(316),561
2011,1,17,1,월,3호선,독립문(316),778
2011,1,18,2,화,3호선,독립문(316),839
2011,1,19,3,수,3호선,독립문(316),881
2011,1,20,4,목,3호선,독립문(316),867
2011,1,21,5,금,3호선,독립문(316),930
2011,1,22,6,토,3호선,독립문(316),1041
2011,1,23,7,일,3호선,독립문(316),834
2011,1,24,1,월,3호선,독립문(316),858
2011,1,25,2,화,3호선,독립문(316),916
2011,1,26,3,수,3호선,독립문(316),905
2011,1,27,4,목,3호선,독립문(316),883
2011,1,28,5,금,3호선,독립문(316),940
2011,1,29,6,토,3호선,독립문(316),916
2011,1,30,7,일,3호선,독립문(316),639
2011,1,31,1,월,3호선,독립문(316),907
2011,2,1,2,화,3호선,독립문(316),896
2011,2,2,3,공,3호선,독립문(316),522
2011,2,3,4,공,3호선,독립문(316),553
2011,2,4,5,공,3호선,독립문(316),695
2011,2,5,6,토,3호선,독립문(316),855
2011,2,6,7,일,3호선,독립문(316),683
2011,2,7,1,월,3호선,독립문(316),883
2011,2,8,2,화,3호선,독립문(316),867
2011,2,9,3,수,3호선,독립문(316),902
2011,2,10,4,목,3호선,독립문(316),908
2011,2,11,5,금,3호선,독립문(316),921
2011,2,12,6,토,3호선,독립문(316),984
2011,2,13,7,일,3호선,독립문(316),773
2011,2,14,1,월,3호선,독립문(316),883
2011,2,15,2,화,3호선,독립문(316),944
2011,2,16,3,수,3호선,독립문(316),896
2011,2,17,4,목,3호선,독립문(316),980
2011,2,18,5,금,3호선,독립문(316),944
2011,2,19,6,토,3호선,독립문(316),1018
2011,2,20,7,일,3호선,독립문(316),815
2011,2,21,1,월,3호선,독립문(316),955
2011,2,22,2,화,3호선,독립문(316),933
2011,2,23,3,수,3호선,독립문(316),966
2011,2,24,4,목,3호선,독립문(316),851
2011,2,25,5,금,3호선,독립문(316),952
2011,2,26,6,토,3호선,독립문(316),1142
2011,2,27,7,일,3호선,독립문(316),625
2011,2,28,1,월,3호선,독립문(316),959
2011,3,1,2,공,3호선,독립문(316),1538
2011,3,2,3,수,3호선,독립문(316),919
2011,3,3,4,목,3호선,독립문(316),784
2011,3,4,5,금,3호선,독립문(316),876
2011,3,5,6,토,3호선,독립문(316),1161
2011,3,6,7,일,3호선,독립문(316),859
2011,3,7,1,월,3호선,독립문(316),801
2011,3,8,2,화,3호선,독립문(316),788
2011,3,9,3,수,3호선,독립문(316),891
2011,3,10,4,목,3호선,독립문(316),803
2011,3,11,5,금,3호선,독립문(316),829
2011,3,12,6,토,3호선,독립문(316),1151
2011,3,13,7,일,3호선,독립문(316),837
2011,3,14,1,월,3호선,독립문(316),833
2011,3,15,2,화,3호선,독립문(316),744
2011,3,16,3,수,3호선,독립문(316),880
2011,3,17,4,목,3호선,독립문(316),880
2011,3,18,5,금,3호선,독립문(316),888
2011,3,19,6,토,3호선,독립문(316),1135
2011,3,20,7,일,3호선,독립문(316),725
2011,3,21,1,월,3호선,독립문(316),902
2011,3,22,2,화,3호선,독립문(316),840
2011,3,23,3,수,3호선,독립문(316),854
2011,3,24,4,목,3호선,독립문(316),811
2011,3,25,5,금,3호선,독립문(316),840
2011,3,26,6,토,3호선,독립문(316),1154
2011,3,27,7,일,3호선,독립문(316),915
2011,3,28,1,월,3호선,독립문(316),776
2011,3,29,2,화,3호선,독립문(316),864
2011,3,30,3,수,3호선,독립문(316),881
2011,3,31,4,목,3호선,독립문(316),818
2011,4,1,5,금,3호선,독립문(316),869
2011,4,2,6,토,3호선,독립문(316),1120
2011,4,3,7,일,3호선,독립문(316),805
2011,4,4,1,월,3호선,독립문(316),885
2011,4,5,2,화,3호선,독립문(316),842
2011,4,6,3,수,3호선,독립문(316),927
2011,4,7,4,목,3호선,독립문(316),678
2011,4,8,5,금,3호선,독립문(316),839
2011,4,9,6,토,3호선,독립문(316),1091
2011,4,10,7,일,3호선,독립문(316),763
2011,4,11,1,월,3호선,독립문(316),872
2011,4,12,2,화,3호선,독립문(316),983
2011,4,13,3,수,3호선,독립문(316),867
2011,4,14,4,목,3호선,독립문(316),879
2011,4,15,5,금,3호선,독립문(316),847
2011,4,16,6,토,3호선,독립문(316),1095
2011,4,17,7,일,3호선,독립문(316),895
2011,4,18,1,월,3호선,독립문(316),760
2011,4,19,2,화,3호선,독립문(316),966
2011,4,20,3,수,3호선,독립문(316),859
2011,4,21,4,목,3호선,독립문(316),933
2011,4,22,5,금,3호선,독립문(316),734
2011,4,23,6,토,3호선,독립문(316),1029
2011,4,24,7,일,3호선,독립문(316),788
2011,4,25,1,월,3호선,독립문(316),895
2011,4,26,2,화,3호선,독립문(316),771
2011,4,27,3,수,3호선,독립문(316),856
2011,4,28,4,목,3호선,독립문(316),821
2011,4,29,5,금,3호선,독립문(316),1041
2011,4,30,6,토,3호선,독립문(316),972
2011,5,1,7,일,3호선,독립문(316),695
2011,5,2,1,월,3호선,독립문(316),849
2011,5,3,2,화,3호선,독립문(316),909
2011,5,4,3,수,3호선,독립문(316),1058
2011,5,5,4,공,3호선,독립문(316),911
2011,5,6,5,금,3호선,독립문(316),906
2011,5,7,6,토,3호선,독립문(316),1041
2011,5,8,7,일,3호선,독립문(316),772
2011,5,9,1,월,3호선,독립문(316),855
2011,5,10,2,공,3호선,독립문(316),855
2011,5,11,3,수,3호선,독립문(316),845
2011,5,12,4,목,3호선,독립문(316),876
2011,5,13,5,금,3호선,독립문(316),913
2011,5,14,6,토,3호선,독립문(316),1173
2011,5,15,7,일,3호선,독립문(316),891
2011,5,16,1,월,3호선,독립문(316),888
2011,5,17,2,화,3호선,독립문(316),942
2011,5,18,3,수,3호선,독립문(316),951
2011,5,19,4,목,3호선,독립문(316),829
2011,5,20,5,금,3호선,독립문(316),916
2011,5,21,6,토,3호선,독립문(316),1246
2011,5,22,7,일,3호선,독립문(316),931
2011,5,23,1,월,3호선,독립문(316),855
2011,5,24,2,화,3호선,독립문(316),957
2011,5,25,3,수,3호선,독립문(316),895
2011,5,26,4,목,3호선,독립문(316),848
2011,5,27,5,금,3호선,독립문(316),888
2011,5,28,6,토,3호선,독립문(316),1337
2011,5,29,7,일,3호선,독립문(316),1014
2011,5,30,1,월,3호선,독립문(316),852
2011,5,31,2,화,3호선,독립문(316),969
2011,6,1,3,수,3호선,독립문(316),849
2011,6,2,4,목,3호선,독립문(316),865
2011,6,3,5,금,3호선,독립문(316),846
2011,6,4,6,토,3호선,독립문(316),1065
2011,6,5,7,일,3호선,독립문(316),890
2011,6,6,1,공,3호선,독립문(316),903
2011,6,7,2,화,3호선,독립문(316),937
2011,6,8,3,수,3호선,독립문(316),898
2011,6,9,4,목,3호선,독립문(316),867
2011,6,10,5,금,3호선,독립문(316),969
2011,6,11,6,토,3호선,독립문(316),1106
2011,6,12,7,일,3호선,독립문(316),834
2011,6,13,1,월,3호선,독립문(316),889
2011,6,14,2,화,3호선,독립문(316),881
2011,6,15,3,수,3호선,독립문(316),894
2011,6,16,4,목,3호선,독립문(316),763
2011,6,17,5,금,3호선,독립문(316),838
2011,6,18,6,토,3호선,독립문(316),1099
2011,6,19,7,일,3호선,독립문(316),732
2011,6,20,1,월,3호선,독립문(316),810
2011,6,21,2,화,3호선,독립문(316),959
2011,6,22,3,수,3호선,독립문(316),829
2011,6,23,4,목,3호선,독립문(316),742
2011,6,24,5,금,3호선,독립문(316),813
2011,6,25,6,토,3호선,독립문(316),1057
2011,6,26,7,일,3호선,독립문(316),528
2011,6,27,1,월,3호선,독립문(316),837
2011,6,28,2,화,3호선,독립문(316),872
2011,6,29,3,수,3호선,독립문(316),668
2011,6,30,4,목,3호선,독립문(316),792
2011,7,1,5,금,3호선,독립문(316),945
2011,7,2,6,토,3호선,독립문(316),1041
2011,7,3,7,일,3호선,독립문(316),564
2011,7,4,1,월,3호선,독립문(316),925
2011,7,5,2,화,3호선,독립문(316),900
2011,7,6,3,수,3호선,독립문(316),985
2011,7,7,4,목,3호선,독립문(316),738
2011,7,8,5,금,3호선,독립문(316),1066
2011,7,9,6,토,3호선,독립문(316),1012
2011,7,10,7,일,3호선,독립문(316),736
2011,7,11,1,월,3호선,독립문(316),810
2011,7,12,2,화,3호선,독립문(316),950
2011,7,13,3,수,3호선,독립문(316),797
2011,7,14,4,목,3호선,독립문(316),854
2011,7,15,5,금,3호선,독립문(316),993
2011,7,16,6,토,3호선,독립문(316),916
2011,7,17,7,일,3호선,독립문(316),882
2011,7,18,1,월,3호선,독립문(316),868
2011,7,19,2,화,3호선,독립문(316),1004
2011,7,20,3,수,3호선,독립문(316),1449
2011,7,21,4,목,3호선,독립문(316),846
2011,7,22,5,금,3호선,독립문(316),921
2011,7,23,6,토,3호선,독립문(316),987
2011,7,24,7,일,3호선,독립문(316),779
2011,7,25,1,월,3호선,독립문(316),860
2011,7,26,2,화,3호선,독립문(316),876
2011,7,27,3,수,3호선,독립문(316),640
2011,7,28,4,목,3호선,독립문(316),717
2011,7,29,5,금,3호선,독립문(316),956
2011,7,30,6,토,3호선,독립문(316),1069
2011,7,31,7,일,3호선,독립문(316),664
2011,8,1,1,월,3호선,독립문(316),855
2011,8,2,2,화,3호선,독립문(316),1169
2011,8,3,3,수,3호선,독립문(316),991
2011,8,4,4,목,3호선,독립문(316),929
2011,8,5,5,금,3호선,독립문(316),930
2011,8,6,6,토,3호선,독립문(316),1003
2011,8,7,7,일,3호선,독립문(316),813
2011,8,8,1,월,3호선,독립문(316),722
2011,8,9,2,화,3호선,독립문(316),1041
2011,8,10,3,수,3호선,독립문(316),994
2011,8,11,4,목,3호선,독립문(316),886
2011,8,12,5,금,3호선,독립문(316),887
2011,8,13,6,토,3호선,독립문(316),1012
2011,8,14,7,일,3호선,독립문(316),1071
2011,8,15,1,공,3호선,독립문(316),1455
2011,8,16,2,화,3호선,독립문(316),847
2011,8,17,3,수,3호선,독립문(316),1032
2011,8,18,4,목,3호선,독립문(316),968
2011,8,19,5,금,3호선,독립문(316),972
2011,8,20,6,토,3호선,독립문(316),1181
2011,8,21,7,일,3호선,독립문(316),810
2011,8,22,1,월,3호선,독립문(316),808
2011,8,23,2,화,3호선,독립문(316),873
2011,8,24,3,수,3호선,독립문(316),812
2011,8,25,4,목,3호선,독립문(316),792
2011,8,26,5,금,3호선,독립문(316),807
2011,8,27,6,토,3호선,독립문(316),951
2011,8,28,7,일,3호선,독립문(316),727
2011,8,29,1,월,3호선,독립문(316),846
2011,8,30,2,화,3호선,독립문(316),722
2011,8,31,3,수,3호선,독립문(316),773
2011,9,1,4,목,3호선,독립문(316),697
2011,9,2,5,금,3호선,독립문(316),877
2011,9,3,6,토,3호선,독립문(316),1056
2011,9,4,7,일,3호선,독립문(316),746
2011,9,5,1,월,3호선,독립문(316),829
2011,9,6,2,화,3호선,독립문(316),787
2011,9,7,3,수,3호선,독립문(316),801
2011,9,8,4,목,3호선,독립문(316),835
2011,9,9,5,금,3호선,독립문(316),878
2011,9,10,6,토,3호선,독립문(316),873
2011,9,11,7,공,3호선,독립문(316),579
2011,9,12,1,공,3호선,독립문(316),579
2011,9,13,2,공,3호선,독립문(316),677
2011,9,14,3,수,3호선,독립문(316),905
2011,9,15,4,목,3호선,독립문(316),906
2011,9,16,5,금,3호선,독립문(316),864
2011,9,17,6,토,3호선,독립문(316),1191
2011,9,18,7,일,3호선,독립문(316),839
2011,9,19,1,월,3호선,독립문(316),804
2011,9,20,2,화,3호선,독립문(316),797
2011,9,21,3,수,3호선,독립문(316),911
2011,9,22,4,목,3호선,독립문(316),823
2011,9,23,5,금,3호선,독립문(316),878
2011,9,24,6,토,3호선,독립문(316),1131
2011,9,25,7,일,3호선,독립문(316),850
2011,9,26,1,월,3호선,독립문(316),835
2011,9,27,2,화,3호선,독립문(316),913
2011,9,28,3,수,3호선,독립문(316),901
2011,9,29,4,목,3호선,독립문(316),931
2011,9,30,5,금,3호선,독립문(316),881
2011,10,1,6,토,3호선,독립문(316),1213
2011,10,2,7,일,3호선,독립문(316),801
2011,10,3,1,공,3호선,독립문(316),928
2011,10,4,2,화,3호선,독립문(316),891
2011,10,5,3,수,3호선,독립문(316),921
2011,10,6,4,목,3호선,독립문(316),931
2011,10,7,5,금,3호선,독립문(316),960
2011,10,8,6,토,3호선,독립문(316),1101
2011,10,9,7,일,3호선,독립문(316),987
2011,10,10,1,월,3호선,독립문(316),890
2011,10,11,2,화,3호선,독립문(316),975
2011,10,12,3,수,3호선,독립문(316),843
2011,10,13,4,목,3호선,독립문(316),810
2011,10,14,5,금,3호선,독립문(316),865
2011,10,15,6,토,3호선,독립문(316),1022
2011,10,16,7,일,3호선,독립문(316),712
2011,10,17,1,월,3호선,독립문(316),884
2011,10,18,2,화,3호선,독립문(316),1168
2011,10,19,3,수,3호선,독립문(316),998
2011,10,20,4,목,3호선,독립문(316),936
2011,10,21,5,금,3호선,독립문(316),960
2011,10,22,6,토,3호선,독립문(316),1245
2011,10,23,7,일,3호선,독립문(316),912
2011,10,24,1,월,3호선,독립문(316),837
2011,10,25,2,화,3호선,독립문(316),916
2011,10,26,3,수,3호선,독립문(316),916
2011,10,27,4,목,3호선,독립문(316),899
2011,10,28,5,금,3호선,독립문(316),1052
2011,10,29,6,토,3호선,독립문(316),1291
2011,10,30,7,일,3호선,독립문(316),925
2011,10,31,1,월,3호선,독립문(316),851
2011,11,1,2,화,3호선,독립문(316),939
2011,11,2,3,수,3호선,독립문(316),857
2011,11,3,4,목,3호선,독립문(316),889
2011,11,4,5,금,3호선,독립문(316),862
2011,11,5,6,토,3호선,독립문(316),1203
2011,11,6,7,일,3호선,독립문(316),767
2011,11,7,1,월,3호선,독립문(316),809
2011,11,8,2,화,3호선,독립문(316),825
2011,11,9,3,수,3호선,독립문(316),1123
2011,11,10,4,목,3호선,독립문(316),869
2011,11,11,5,금,3호선,독립문(316),918
2011,11,12,6,토,3호선,독립문(316),1095
2011,11,13,7,일,3호선,독립문(316),1147
2011,11,14,1,월,3호선,독립문(316),811
2011,11,15,2,화,3호선,독립문(316),851
2011,11,16,3,수,3호선,독립문(316),906
2011,11,17,4,목,3호선,독립문(316),894
2011,11,18,5,금,3호선,독립문(316),841
2011,11,19,6,토,3호선,독립문(316),1298
2011,11,20,7,일,3호선,독립문(316),879
2011,11,21,1,월,3호선,독립문(316),850
2011,11,22,2,화,3호선,독립문(316),779
2011,11,23,3,수,3호선,독립문(316),803
2011,11,24,4,목,3호선,독립문(316),787
2011,11,25,5,금,3호선,독립문(316),881
2011,11,26,6,토,3호선,독립문(316),1019
2011,11,27,7,일,3호선,독립문(316),753
2011,11,28,1,월,3호선,독립문(316),843
2011,11,29,2,화,3호선,독립문(316),800
2011,11,30,3,수,3호선,독립문(316),812
2011,12,1,4,목,3호선,독립문(316),870
2011,12,2,5,금,3호선,독립문(316),905
2011,12,3,6,토,3호선,독립문(316),995
2011,12,4,7,일,3호선,독립문(316),749
2011,12,5,1,월,3호선,독립문(316),855
2011,12,6,2,화,3호선,독립문(316),867
2011,12,7,3,수,3호선,독립문(316),912
2011,12,8,4,목,3호선,독립문(316),957
2011,12,9,5,금,3호선,독립문(316),944
2011,12,10,6,토,3호선,독립문(316),969
2011,12,11,7,일,3호선,독립문(316),796
2011,12,12,1,월,3호선,독립문(316),946
2011,12,13,2,화,3호선,독립문(316),908
2011,12,14,3,수,3호선,독립문(316),924
2011,12,15,4,목,3호선,독립문(316),805
2011,12,16,5,금,3호선,독립문(316),762
2011,12,17,6,토,3호선,독립문(316),1064
2011,12,18,7,일,3호선,독립문(316),837
2011,12,19,1,월,3호선,독립문(316),919
2011,12,20,2,화,3호선,독립문(316),914
2011,12,21,3,수,3호선,독립문(316),898
2011,12,22,4,목,3호선,독립문(316),940
2011,12,23,5,금,3호선,독립문(316),877
2011,12,24,6,토,3호선,독립문(316),880
2011,12,25,7,공,3호선,독립문(316),729
2011,12,26,1,월,3호선,독립문(316),791
2011,12,27,2,화,3호선,독립문(316),906
2011,12,28,3,수,3호선,독립문(316),936
2011,12,29,4,목,3호선,독립문(316),988
2011,12,30,5,금,3호선,독립문(316),1079
2011,12,31,6,토,3호선,독립문(316),915
2012,1,1,7,공,3호선,독립문(316),607
2012,1,2,1,월,3호선,독립문(316),809
2012,1,3,2,화,3호선,독립문(316),926
2012,1,4,3,수,3호선,독립문(316),916
2012,1,5,4,목,3호선,독립문(316),835
2012,1,6,5,금,3호선,독립문(316),943
2012,1,7,6,토,3호선,독립문(316),966
2012,1,8,7,일,3호선,독립문(316),796
2012,1,9,1,월,3호선,독립문(316),944
2012,1,10,2,화,3호선,독립문(316),962
2012,1,11,3,수,3호선,독립문(316),1045
2012,1,12,4,목,3호선,독립문(316),869
2012,1,13,5,금,3호선,독립문(316),942
2012,1,14,6,토,3호선,독립문(316),1040
2012,1,15,7,일,3호선,독립문(316),815
2012,1,16,1,월,3호선,독립문(316),928
2012,1,17,2,화,3호선,독립문(316),1004
2012,1,18,3,수,3호선,독립문(316),993
2012,1,19,4,목,3호선,독립문(316),931
2012,1,20,5,금,3호선,독립문(316),1037
2012,1,21,6,토,3호선,독립문(316),801
2012,1,22,7,공,3호선,독립문(316),522
2012,1,23,1,공,3호선,독립문(316),444
2012,1,24,2,공,3호선,독립문(316),466
2012,1,25,3,수,3호선,독립문(316),894
2012,1,26,4,목,3호선,독립문(316),858
2012,1,27,5,금,3호선,독립문(316),963
2012,1,28,6,토,3호선,독립문(316),1075
2012,1,29,7,일,3호선,독립문(316),826
2012,1,30,1,월,3호선,독립문(316),925
2012,1,31,2,화,3호선,독립문(316),951
2012,2,1,3,수,3호선,독립문(316),776
2012,2,2,4,목,3호선,독립문(316),702
2012,2,3,5,금,3호선,독립문(316),779
2012,2,4,6,토,3호선,독립문(316),1220
2012,2,5,7,일,3호선,독립문(316),785
2012,2,6,1,월,3호선,독립문(316),968
2012,2,7,2,화,3호선,독립문(316),907
2012,2,8,3,수,3호선,독립문(316),836
2012,2,9,4,목,3호선,독립문(316),1033
2012,2,10,5,금,3호선,독립문(316),967
2012,2,11,6,토,3호선,독립문(316),1013
2012,2,12,7,일,3호선,독립문(316),796
2012,2,13,1,월,3호선,독립문(316),977
2012,2,14,2,화,3호선,독립문(316),1018
2012,2,15,3,수,3호선,독립문(316),1100
2012,2,16,4,목,3호선,독립문(316),889
2012,2,17,5,금,3호선,독립문(316),997
2012,2,18,6,토,3호선,독립문(316),954
2012,2,19,7,일,3호선,독립문(316),839
2012,2,20,1,월,3호선,독립문(316),1035
2012,2,21,2,화,3호선,독립문(316),1038
2012,2,22,3,수,3호선,독립문(316),1055
2012,2,23,4,목,3호선,독립문(316),885
2012,2,24,5,금,3호선,독립문(316),1005
2012,2,25,6,토,3호선,독립문(316),1036
2012,2,26,7,일,3호선,독립문(316),774
2012,2,27,1,월,3호선,독립문(316),866
2012,2,28,2,화,3호선,독립문(316),1005
2012,2,29,3,수,3호선,독립문(316),1062
2012,3,1,4,공,3호선,독립문(316),2145
2012,3,2,5,금,3호선,독립문(316),951
2012,3,3,6,토,3호선,독립문(316),1035
2012,3,4,7,일,3호선,독립문(316),791
2012,3,5,1,월,3호선,독립문(316),877
2012,3,6,2,화,3호선,독립문(316),854
2012,3,7,3,수,3호선,독립문(316),849
2012,3,8,4,목,3호선,독립문(316),821
2012,3,9,5,금,3호선,독립문(316),882
2012,3,10,6,토,3호선,독립문(316),1122
2012,3,11,7,일,3호선,독립문(316),791
2012,3,12,1,월,3호선,독립문(316),842
2012,3,13,2,화,3호선,독립문(316),846
2012,3,14,3,수,3호선,독립문(316),851
2012,3,15,4,목,3호선,독립문(316),919
2012,3,16,5,금,3호선,독립문(316),955
2012,3,17,6,토,3호선,독립문(316),1019
2012,3,18,7,일,3호선,독립문(316),791
2012,3,19,1,월,3호선,독립문(316),858
2012,3,20,2,화,3호선,독립문(316),798
2012,3,21,3,수,3호선,독립문(316),860
2012,3,22,4,목,3호선,독립문(316),909
2012,3,23,5,금,3호선,독립문(316),788
2012,3,24,6,토,3호선,독립문(316),1049
2012,3,25,7,일,3호선,독립문(316),804
2012,3,26,1,월,3호선,독립문(316),854
2012,3,27,2,화,3호선,독립문(316),875
2012,3,28,3,수,3호선,독립문(316),951
2012,3,29,4,목,3호선,독립문(316),811
2012,3,30,5,금,3호선,독립문(316),860
2012,3,31,6,토,3호선,독립문(316),1058
2012,4,1,7,일,3호선,독립문(316),846
2012,4,2,1,월,3호선,독립문(316),866
2012,4,3,2,화,3호선,독립문(316),854
2012,4,4,3,수,3호선,독립문(316),886
2012,4,5,4,목,3호선,독립문(316),888
2012,4,6,5,금,3호선,독립문(316),891
2012,4,7,6,토,3호선,독립문(316),1087
2012,4,8,7,일,3호선,독립문(316),868
2012,4,9,1,월,3호선,독립문(316),826
2012,4,10,2,화,3호선,독립문(316),881
2012,4,11,3,공,3호선,독립문(316),932
2012,4,12,4,목,3호선,독립문(316),883
2012,4,13,5,금,3호선,독립문(316),941
2012,4,14,6,토,3호선,독립문(316),1082
2012,4,15,7,일,3호선,독립문(316),897
2012,4,16,1,월,3호선,독립문(316),889
2012,4,17,2,화,3호선,독립문(316),771
2012,4,18,3,수,3호선,독립문(316),932
2012,4,19,4,목,3호선,독립문(316),808
2012,4,20,5,금,3호선,독립문(316),857
2012,4,21,6,토,3호선,독립문(316),810
2012,4,22,7,일,3호선,독립문(316),628
2012,4,23,1,월,3호선,독립문(316),880
2012,4,24,2,화,3호선,독립문(316),853
2012,4,25,3,수,3호선,독립문(316),815
2012,4,26,4,목,3호선,독립문(316),815
2012,4,27,5,금,3호선,독립문(316),838
2012,4,28,6,토,3호선,독립문(316),1061
2012,4,29,7,일,3호선,독립문(316),790
2012,4,30,1,월,3호선,독립문(316),895
2012,5,1,2,화,3호선,독립문(316),868
2012,5,2,3,수,3호선,독립문(316),880
2012,5,3,4,목,3호선,독립문(316),481
2012,5,4,5,금,3호선,독립문(316),1025
2012,5,5,6,공,3호선,독립문(316),933
2012,5,6,7,일,3호선,독립문(316),757
2012,5,7,1,월,3호선,독립문(316),837
2012,5,8,2,화,3호선,독립문(316),926
2012,5,9,3,수,3호선,독립문(316),966
2012,5,10,4,목,3호선,독립문(316),861
2012,5,11,5,금,3호선,독립문(316),920
2012,5,12,6,토,3호선,독립문(316),1331
2012,5,13,7,일,3호선,독립문(316),935
2012,5,14,1,월,3호선,독립문(316),810
2012,5,15,2,화,3호선,독립문(316),916
2012,5,16,3,수,3호선,독립문(316),944
2012,5,17,4,목,3호선,독립문(316),977
2012,5,18,5,금,3호선,독립문(316),871
2012,5,19,6,토,3호선,독립문(316),1205
2012,5,20,7,일,3호선,독립문(316),888
2012,5,21,1,월,3호선,독립문(316),914
2012,5,22,2,화,3호선,독립문(316),766
2012,5,23,3,수,3호선,독립문(316),857
2012,5,24,4,목,3호선,독립문(316),783
2012,5,25,5,금,3호선,독립문(316),1032
2012,5,26,6,토,3호선,독립문(316),1137
2012,5,27,7,일,3호선,독립문(316),938
2012,5,28,1,공,3호선,독립문(316),950
2012,5,29,2,화,3호선,독립문(316),837
2012,5,30,3,수,3호선,독립문(316),880
2012,5,31,4,목,3호선,독립문(316),1009
2012,6,1,5,금,3호선,독립문(316),874
2012,6,2,6,토,3호선,독립문(316),1109
2012,6,3,7,일,3호선,독립문(316),823
2012,6,4,1,월,3호선,독립문(316),806
2012,6,5,2,화,3호선,독립문(316),811
2012,6,6,3,공,3호선,독립문(316),965
2012,6,7,4,목,3호선,독립문(316),838
2012,6,8,5,금,3호선,독립문(316),993
2012,6,9,6,토,3호선,독립문(316),1052
2012,6,10,7,일,3호선,독립문(316),733
2012,6,11,1,월,3호선,독립문(316),790
2012,6,12,2,화,3호선,독립문(316),811
2012,6,13,3,수,3호선,독립문(316),926
2012,6,14,4,목,3호선,독립문(316),852
2012,6,15,5,금,3호선,독립문(316),823
2012,6,16,6,토,3호선,독립문(316),964
2012,6,17,7,일,3호선,독립문(316),1419
2012,6,18,1,월,3호선,독립문(316),784
2012,6,19,2,화,3호선,독립문(316),834
2012,6,20,3,수,3호선,독립문(316),883
2012,6,21,4,목,3호선,독립문(316),750
2012,6,22,5,금,3호선,독립문(316),880
2012,6,23,6,토,3호선,독립문(316),956
2012,6,24,7,일,3호선,독립문(316),791
2012,6,25,1,월,3호선,독립문(316),834
2012,6,26,2,화,3호선,독립문(316),881
2012,6,27,3,수,3호선,독립문(316),722
2012,6,28,4,목,3호선,독립문(316),861
2012,6,29,5,금,3호선,독립문(316),745
2012,6,30,6,토,3호선,독립문(316),986
2012,7,1,7,일,3호선,독립문(316),670
2012,7,2,1,월,3호선,독립문(316),788
2012,7,3,2,화,3호선,독립문(316),805
2012,7,4,3,수,3호선,독립문(316),848
2012,7,5,4,목,3호선,독립문(316),682
2012,7,6,5,금,3호선,독립문(316),845
2012,7,7,6,토,3호선,독립문(316),1029
2012,7,8,7,일,3호선,독립문(316),818
2012,7,9,1,월,3호선,독립문(316),789
2012,7,10,2,화,3호선,독립문(316),823
2012,7,11,3,수,3호선,독립문(316),840
2012,7,12,4,목,3호선,독립문(316),854
2012,7,13,5,금,3호선,독립문(316),856
2012,7,14,6,토,3호선,독립문(316),910
2012,7,15,7,일,3호선,독립문(316),645
2012,7,16,1,월,3호선,독립문(316),750
2012,7,17,2,화,3호선,독립문(316),1028
2012,7,18,3,수,3호선,독립문(316),757
2012,7,19,4,목,3호선,독립문(316),708
2012,7,20,5,금,3호선,독립문(316),905
2012,7,21,6,토,3호선,독립문(316),946
2012,7,22,7,일,3호선,독립문(316),715
2012,7,23,1,월,3호선,독립문(316),800
2012,7,24,2,화,3호선,독립문(316),811
2012,7,25,3,수,3호선,독립문(316),799
2012,7,26,4,목,3호선,독립문(316),726
2012,7,27,5,금,3호선,독립문(316),737
2012,7,28,6,토,3호선,독립문(316),905
2012,7,29,7,일,3호선,독립문(316),737
2012,7,30,1,월,3호선,독립문(316),744
2012,7,31,2,화,3호선,독립문(316),848
2012,8,1,3,수,3호선,독립문(316),741
2012,8,2,4,목,3호선,독립문(316),778
2012,8,3,5,금,3호선,독립문(316),780
2012,8,4,6,토,3호선,독립문(316),764
2012,8,5,7,일,3호선,독립문(316),606
2012,8,6,1,월,3호선,독립문(316),650
2012,8,7,2,화,3호선,독립문(316),728
2012,8,8,3,수,3호선,독립문(316),793
2012,8,9,4,목,3호선,독립문(316),778
2012,8,10,5,금,3호선,독립문(316),809
2012,8,11,6,토,3호선,독립문(316),894
2012,8,12,7,일,3호선,독립문(316),781
2012,8,13,1,월,3호선,독립문(316),840
2012,8,14,2,화,3호선,독립문(316),983
2012,8,15,3,공,3호선,독립문(316),787
2012,8,16,4,목,3호선,독립문(316),932
2012,8,17,5,금,3호선,독립문(316),831
2012,8,18,6,토,3호선,독립문(316),937
2012,8,19,7,일,3호선,독립문(316),812
2012,8,20,1,월,3호선,독립문(316),724
2012,8,21,2,화,3호선,독립문(316),745
2012,8,22,3,수,3호선,독립문(316),775
2012,8,23,4,목,3호선,독립문(316),830
2012,8,24,5,금,3호선,독립문(316),911
2012,8,25,6,토,3호선,독립문(316),988
2012,8,26,7,일,3호선,독립문(316),791
2012,8,27,1,월,3호선,독립문(316),772
2012,8,28,2,화,3호선,독립문(316),339
2012,8,29,3,수,3호선,독립문(316),851
2012,8,30,4,목,3호선,독립문(316),702
2012,8,31,5,금,3호선,독립문(316),884
2012,9,1,6,토,3호선,독립문(316),990
2012,9,2,7,일,3호선,독립문(316),850
2012,9,3,1,월,3호선,독립문(316),813
2012,9,4,2,화,3호선,독립문(316),808
2012,9,5,3,수,3호선,독립문(316),791
2012,9,6,4,목,3호선,독립문(316),736
2012,9,7,5,금,3호선,독립문(316),745
2012,9,8,6,토,3호선,독립문(316),1020
2012,9,9,7,일,3호선,독립문(316),782
2012,9,10,1,월,3호선,독립문(316),744
2012,9,11,2,화,3호선,독립문(316),800
2012,9,12,3,수,3호선,독립문(316),764
2012,9,13,4,목,3호선,독립문(316),699
2012,9,14,5,금,3호선,독립문(316),795
2012,9,15,6,토,3호선,독립문(316),1111
2012,9,16,7,일,3호선,독립문(316),838
2012,9,17,1,월,3호선,독립문(316),578
2012,9,18,2,화,3호선,독립문(316),736
2012,9,19,3,수,3호선,독립문(316),797
2012,9,20,4,목,3호선,독립문(316),835
2012,9,21,5,금,3호선,독립문(316),907
2012,9,22,6,토,3호선,독립문(316),965
2012,9,23,7,일,3호선,독립문(316),772
2012,9,24,1,월,3호선,독립문(316),797
2012,9,25,2,화,3호선,독립문(316),833
2012,9,26,3,수,3호선,독립문(316),781
2012,9,27,4,목,3호선,독립문(316),793
2012,9,28,5,금,3호선,독립문(316),879
2012,9,29,6,공,3호선,독립문(316),632
2012,9,30,7,공,3호선,독립문(316),549
2012,10,1,1,공,3호선,독립문(316),701
2012,10,2,2,화,3호선,독립문(316),897
2012,10,3,3,공,3호선,독립문(316),947
2012,10,4,4,목,3호선,독립문(316),822
2012,10,5,5,금,3호선,독립문(316),922
2012,10,6,6,토,3호선,독립문(316),1110
2012,10,7,7,일,3호선,독립문(316),846
2012,10,8,1,월,3호선,독립문(316),822
2012,10,9,2,화,3호선,독립문(316),914
2012,10,10,3,수,3호선,독립문(316),871
2012,10,11,4,목,3호선,독립문(316),808
2012,10,12,5,금,3호선,독립문(316),868
2012,10,13,6,토,3호선,독립문(316),1246
2012,10,14,7,일,3호선,독립문(316),841
2012,10,15,1,월,3호선,독립문(316),785
2012,10,16,2,화,3호선,독립문(316),847
2012,10,17,3,수,3호선,독립문(316),853
2012,10,18,4,목,3호선,독립문(316),804
2012,10,19,5,금,3호선,독립문(316),911
2012,10,20,6,토,3호선,독립문(316),1089
2012,10,21,7,일,3호선,독립문(316),825
2012,10,22,1,월,3호선,독립문(316),635
2012,10,23,2,화,3호선,독립문(316),786
2012,10,24,3,수,3호선,독립문(316),823
2012,10,25,4,목,3호선,독립문(316),814
2012,10,26,5,금,3호선,독립문(316),874
2012,10,27,6,토,3호선,독립문(316),883
2012,10,28,7,일,3호선,독립문(316),868
2012,10,29,1,월,3호선,독립문(316),766
2012,10,30,2,화,3호선,독립문(316),856
2012,10,31,3,수,3호선,독립문(316),858
2012,11,1,4,목,3호선,독립문(316),829
2012,11,2,5,금,3호선,독립문(316),941
2012,11,3,6,토,3호선,독립문(316),1206
2012,11,4,7,일,3호선,독립문(316),708
2012,11,5,1,월,3호선,독립문(316),777
2012,11,6,2,화,3호선,독립문(316),741
2012,11,7,3,수,3호선,독립문(316),1099
2012,11,8,4,목,3호선,독립문(316),868
2012,11,9,5,금,3호선,독립문(316),907
2012,11,10,6,토,3호선,독립문(316),1051
2012,11,11,7,일,3호선,독립문(316),881
2012,11,12,1,월,3호선,독립문(316),804
2012,11,13,2,화,3호선,독립문(316),785
2012,11,14,3,수,3호선,독립문(316),850
2012,11,15,4,목,3호선,독립문(316),840
2012,11,16,5,금,3호선,독립문(316),934
2012,11,17,6,토,3호선,독립문(316),1192
2012,11,18,7,일,3호선,독립문(316),881
2012,11,19,1,월,3호선,독립문(316),801
2012,11,20,2,화,3호선,독립문(316),766
2012,11,21,3,수,3호선,독립문(316),867
2012,11,22,4,목,3호선,독립문(316),867
2012,11,23,5,금,3호선,독립문(316),792
2012,11,24,6,토,3호선,독립문(316),999
2012,11,25,7,일,3호선,독립문(316),772
2012,11,26,1,월,3호선,독립문(316),800
2012,11,27,2,화,3호선,독립문(316),821
2012,11,28,3,수,3호선,독립문(316),878
2012,11,29,4,목,3호선,독립문(316),752
2012,11,30,5,금,3호선,독립문(316),819
2012,12,1,6,토,3호선,독립문(316),968
2012,12,2,7,일,3호선,독립문(316),776
2012,12,3,1,월,3호선,독립문(316),743
2012,12,4,2,화,3호선,독립문(316),787
2012,12,5,3,수,3호선,독립문(316),923
2012,12,6,4,목,3호선,독립문(316),769
2012,12,7,5,금,3호선,독립문(316),924
2012,12,8,6,토,3호선,독립문(316),981
2012,12,9,7,일,3호선,독립문(316),625
2012,12,10,1,월,3호선,독립문(316),840
2012,12,11,2,화,3호선,독립문(316),814
2012,12,12,3,수,3호선,독립문(316),853
2012,12,13,4,목,3호선,독립문(316),898
2012,12,14,5,금,3호선,독립문(316),767
2012,12,15,6,토,3호선,독립문(316),1179
2012,12,16,7,일,3호선,독립문(316),866
2012,12,17,1,월,3호선,독립문(316),879
2012,12,18,2,화,3호선,독립문(316),818
2012,12,19,3,공,3호선,독립문(316),823
2012,12,20,4,목,3호선,독립문(316),888
2012,12,21,5,금,3호선,독립문(316),898
2012,12,22,6,토,3호선,독립문(316),890
2012,12,23,7,일,3호선,독립문(316),642
2012,12,24,1,월,3호선,독립문(316),824
2012,12,25,2,공,3호선,독립문(316),660
2012,12,26,3,수,3호선,독립문(316),783
2012,12,27,4,목,3호선,독립문(316),922
2012,12,28,5,금,3호선,독립문(316),872
2012,12,29,6,토,3호선,독립문(316),855
2012,12,30,7,일,3호선,독립문(316),709
2012,12,31,1,월,3호선,독립문(316),826
2013,1,1,2,공,3호선,독립문(316),548
2013,1,2,3,수,3호선,독립문(316),788
2013,1,3,4,목,3호선,독립문(316),769
2013,1,4,5,금,3호선,독립문(316),771
2013,1,5,6,토,3호선,독립문(316),961
2013,1,6,7,일,3호선,독립문(316),735
2013,1,7,1,월,3호선,독립문(316),858
2013,1,8,2,화,3호선,독립문(316),902
2013,1,9,3,수,3호선,독립문(316),868
2013,1,10,4,목,3호선,독립문(316),767
2013,1,11,5,금,3호선,독립문(316),869
2013,1,12,6,토,3호선,독립문(316),1050
2013,1,13,7,일,3호선,독립문(316),791
2013,1,14,1,월,3호선,독립문(316),885
2013,1,15,2,화,3호선,독립문(316),918
2013,1,16,3,수,3호선,독립문(316),922
2013,1,17,4,목,3호선,독립문(316),839
2013,1,18,5,금,3호선,독립문(316),989
2013,1,19,6,토,3호선,독립문(316),1028
2013,1,20,7,일,3호선,독립문(316),813
2013,1,21,1,월,3호선,독립문(316),765
2013,1,22,2,화,3호선,독립문(316),929
2013,1,23,3,수,3호선,독립문(316),852
2013,1,24,4,목,3호선,독립문(316),813
2013,1,25,5,금,3호선,독립문(316),815
2013,1,26,6,토,3호선,독립문(316),917
2013,1,27,7,일,3호선,독립문(316),698
2013,1,28,1,월,3호선,독립문(316),842
2013,1,29,2,화,3호선,독립문(316),845
2013,1,30,3,수,3호선,독립문(316),915
2013,1,31,4,목,3호선,독립문(316),901
2013,2,1,5,금,3호선,독립문(316),664
2013,2,2,6,토,3호선,독립문(316),1025
2013,2,3,7,일,3호선,독립문(316),758
2013,2,4,1,월,3호선,독립문(316),853
2013,2,5,2,화,3호선,독립문(316),870
2013,2,6,3,수,3호선,독립문(316),884
2013,2,7,4,목,3호선,독립문(316),814
2013,2,8,5,금,3호선,독립문(316),757
2013,2,9,6,공,3호선,독립문(316),473
2013,2,10,7,공,3호선,독립문(316),497
2013,2,11,1,공,3호선,독립문(316),515
2013,2,12,2,화,3호선,독립문(316),832
2013,2,13,3,수,3호선,독립문(316),914
2013,2,14,4,목,3호선,독립문(316),887
2013,2,15,5,금,3호선,독립문(316),927
2013,2,16,6,토,3호선,독립문(316),1096
2013,2,17,7,일,3호선,독립문(316),733
2013,2,18,1,월,3호선,독립문(316),887
2013,2,19,2,화,3호선,독립문(316),926
2013,2,20,3,수,3호선,독립문(316),926
2013,2,21,4,목,3호선,독립문(316),887
2013,2,22,5,금,3호선,독립문(316),867
2013,2,23,6,토,3호선,독립문(316),994
2013,2,24,7,일,3호선,독립문(316),863
2013,2,25,1,월,3호선,독립문(316),914
2013,2,26,2,화,3호선,독립문(316),875
2013,2,27,3,수,3호선,독립문(316),974
2013,2,28,4,목,3호선,독립문(316),995
2013,3,1,5,공,3호선,독립문(316),2363
2013,3,2,6,토,3호선,독립문(316),1119
2013,3,3,7,일,3호선,독립문(316),779
2013,3,4,1,월,3호선,독립문(316),870
2013,3,5,2,화,3호선,독립문(316),846
2013,3,6,3,수,3호선,독립문(316),824
2013,3,7,4,목,3호선,독립문(316),803
2013,3,8,5,금,3호선,독립문(316),789
2013,3,9,6,토,3호선,독립문(316),1079
2013,3,10,7,일,3호선,독립문(316),748
2013,3,11,1,월,3호선,독립문(316),767
2013,3,12,2,화,3호선,독립문(316),825
2013,3,13,3,수,3호선,독립문(316),738
2013,3,14,4,목,3호선,독립문(316),739
2013,3,15,5,금,3호선,독립문(316),824
2013,3,16,6,토,3호선,독립문(316),1070
2013,3,17,7,일,3호선,독립문(316),837
2013,3,18,1,월,3호선,독립문(316),865
2013,3,19,2,화,3호선,독립문(316),762
2013,3,20,3,수,3호선,독립문(316),787
2013,3,21,4,목,3호선,독립문(316),723
2013,3,22,5,금,3호선,독립문(316),870
2013,3,23,6,토,3호선,독립문(316),963
2013,3,24,7,일,3호선,독립문(316),755
2013,3,25,1,월,3호선,독립문(316),796
2013,3,26,2,화,3호선,독립문(316),801
2013,3,27,3,수,3호선,독립문(316),811
2013,3,28,4,목,3호선,독립문(316),841
2013,3,29,5,금,3호선,독립문(316),865
2013,3,30,6,토,3호선,독립문(316),1100
2013,3,31,7,일,3호선,독립문(316),898
2013,4,1,1,월,3호선,독립문(316),794
2013,4,2,2,화,3호선,독립문(316),863
2013,4,3,3,수,3호선,독립문(316),836
2013,4,4,4,목,3호선,독립문(316),782
2013,4,5,5,금,3호선,독립문(316),864
2013,4,6,6,토,3호선,독립문(316),855
2013,4,7,7,일,3호선,독립문(316),738
2013,4,8,1,월,3호선,독립문(316),785
2013,4,9,2,화,3호선,독립문(316),804
2013,4,10,3,수,3호선,독립문(316),793
2013,4,11,4,목,3호선,독립문(316),808
2013,4,12,5,금,3호선,독립문(316),819
2013,4,13,6,토,3호선,독립문(316),1037
2013,4,14,7,일,3호선,독립문(316),688
2013,4,15,1,월,3호선,독립문(316),831
2013,4,16,2,화,3호선,독립문(316),809
2013,4,17,3,수,3호선,독립문(316),739
2013,4,18,4,목,3호선,독립문(316),753
2013,4,19,5,금,3호선,독립문(316),827
2013,4,20,6,토,3호선,독립문(316),891
2013,4,21,7,일,3호선,독립문(316),775
2013,4,22,1,월,3호선,독립문(316),858
2013,4,23,2,화,3호선,독립문(316),716
2013,4,24,3,수,3호선,독립문(316),850
2013,4,25,4,목,3호선,독립문(316),752
2013,4,26,5,금,3호선,독립문(316),894
2013,4,27,6,토,3호선,독립문(316),1031
2013,4,28,7,일,3호선,독립문(316),714
2013,4,29,1,월,3호선,독립문(316),792
2013,4,30,2,화,3호선,독립문(316),930
2013,5,1,3,수,3호선,독립문(316),967
2013,5,2,4,목,3호선,독립문(316),809
2013,5,3,5,금,3호선,독립문(316),859
2013,5,4,6,토,3호선,독립문(316),1121
2013,5,5,7,일,3호선,독립문(316),843
2013,5,6,1,월,3호선,독립문(316),868
2013,5,7,2,화,3호선,독립문(316),939
2013,5,8,3,수,3호선,독립문(316),926
2013,5,9,4,목,3호선,독립문(316),797
2013,5,10,5,금,3호선,독립문(316),891
2013,5,11,6,토,3호선,독립문(316),1339
2013,5,12,7,일,3호선,독립문(316),1003
2013,5,13,1,월,3호선,독립문(316),840
2013,5,14,2,화,3호선,독립문(316),845
2013,5,15,3,수,3호선,독립문(316),1057
2013,5,16,4,목,3호선,독립문(316),987
2013,5,17,5,공,3호선,독립문(316),1538
2013,5,18,6,토,3호선,독립문(316),1356
2013,5,19,7,일,3호선,독립문(316),1018
2013,5,20,1,월,3호선,독립문(316),863
2013,5,21,2,화,3호선,독립문(316),864
2013,5,22,3,수,3호선,독립문(316),907
2013,5,23,4,목,3호선,독립문(316),924
2013,5,24,5,금,3호선,독립문(316),1239
2013,5,25,6,토,3호선,독립문(316),1306
2013,5,26,7,일,3호선,독립문(316),984
2013,5,27,1,월,3호선,독립문(316),714
2013,5,28,2,화,3호선,독립문(316),730
2013,5,29,3,수,3호선,독립문(316),874
2013,5,30,4,목,3호선,독립문(316),880
2013,5,31,5,금,3호선,독립문(316),1565
2013,6,1,6,토,3호선,독립문(316),1309
2013,6,2,7,일,3호선,독립문(316),885
2013,6,3,1,월,3호선,독립문(316),798
2013,6,4,2,화,3호선,독립문(316),733
2013,6,5,3,수,3호선,독립문(316),813
2013,6,6,4,공,3호선,독립문(316),1358
2013,6,7,5,금,3호선,독립문(316),1019
2013,6,8,6,토,3호선,독립문(316),1138
2013,6,9,7,일,3호선,독립문(316),826
2013,6,10,1,월,3호선,독립문(316),758
2013,6,11,2,화,3호선,독립문(316),792
2013,6,12,3,수,3호선,독립문(316),784
2013,6,13,4,목,3호선,독립문(316),747
2013,6,14,5,금,3호선,독립문(316),884
2013,6,15,6,토,3호선,독립문(316),1024
2013,6,16,7,일,3호선,독립문(316),845
2013,6,17,1,월,3호선,독립문(316),832
2013,6,18,2,화,3호선,독립문(316),755
2013,6,19,3,수,3호선,독립문(316),778
2013,6,20,4,목,3호선,독립문(316),763
2013,6,21,5,금,3호선,독립문(316),796
2013,6,22,6,토,3호선,독립문(316),1037
2013,6,23,7,일,3호선,독립문(316),822
2013,6,24,1,월,3호선,독립문(316),749
2013,6,25,2,화,3호선,독립문(316),924
2013,6,26,3,수,3호선,독립문(316),765
2013,6,27,4,목,3호선,독립문(316),1207
2013,6,28,5,금,3호선,독립문(316),826
2013,6,29,6,토,3호선,독립문(316),959
2013,6,30,7,일,3호선,독립문(316),765
2013,7,1,1,월,3호선,독립문(316),711
2013,7,2,2,화,3호선,독립문(316),786
2013,7,3,3,수,3호선,독립문(316),772
2013,7,4,4,목,3호선,독립문(316),811
2013,7,5,5,금,3호선,독립문(316),785
2013,7,6,6,토,3호선,독립문(316),888
2013,7,7,7,일,3호선,독립문(316),695
2013,7,8,1,월,3호선,독립문(316),666
2013,7,9,2,화,3호선,독립문(316),863
2013,7,10,3,수,3호선,독립문(316),889
2013,7,11,4,목,3호선,독립문(316),815
2013,7,12,5,금,3호선,독립문(316),817
2013,7,13,6,토,3호선,독립문(316),901
2013,7,14,7,일,3호선,독립문(316),638
2013,7,15,1,월,3호선,독립문(316),747
2013,7,16,2,화,3호선,독립문(316),805
2013,7,17,3,수,3호선,독립문(316),815
2013,7,18,4,목,3호선,독립문(316),774
2013,7,19,5,금,3호선,독립문(316),773
2013,7,20,6,토,3호선,독립문(316),924
2013,7,21,7,일,3호선,독립문(316),715
2013,7,22,1,월,3호선,독립문(316),770
2013,7,23,2,화,3호선,독립문(316),718
2013,7,24,3,수,3호선,독립문(316),948
2013,7,25,4,목,3호선,독립문(316),946
2013,7,26,5,금,3호선,독립문(316),895
2013,7,27,6,토,3호선,독립문(316),933
2013,7,28,7,일,3호선,독립문(316),801
2013,7,29,1,월,3호선,독립문(316),820
2013,7,30,2,화,3호선,독립문(316),976
2013,7,31,3,수,3호선,독립문(316),1090
2013,8,1,4,목,3호선,독립문(316),1078
2013,8,2,5,금,3호선,독립문(316),1042
2013,8,3,6,토,3호선,독립문(316),977
2013,8,4,7,일,3호선,독립문(316),738
2013,8,5,1,월,3호선,독립문(316),722
2013,8,6,2,화,3호선,독립문(316),799
2013,8,7,3,수,3호선,독립문(316),928
2013,8,8,4,목,3호선,독립문(316),879
2013,8,9,5,금,3호선,독립문(316),831
2013,8,10,6,토,3호선,독립문(316),877
2013,8,11,7,일,3호선,독립문(316),864
2013,8,12,1,월,3호선,독립문(316),757
2013,8,13,2,화,3호선,독립문(316),938
2013,8,14,3,수,3호선,독립문(316),1019
2013,8,15,4,공,3호선,독립문(316),1797
2013,8,16,5,금,3호선,독립문(316),875
2013,8,17,6,토,3호선,독립문(316),1020
2013,8,18,7,일,3호선,독립문(316),827
2013,8,19,1,월,3호선,독립문(316),649
2013,8,20,2,화,3호선,독립문(316),774
2013,8,21,3,수,3호선,독립문(316),859
2013,8,22,4,목,3호선,독립문(316),822
2013,8,23,5,금,3호선,독립문(316),926
2013,8,24,6,토,3호선,독립문(316),975
2013,8,25,7,일,3호선,독립문(316),731
2013,8,26,1,월,3호선,독립문(316),744
2013,8,27,2,화,3호선,독립문(316),831
2013,8,28,3,수,3호선,독립문(316),822
2013,8,29,4,목,3호선,독립문(316),690
2013,8,30,5,금,3호선,독립문(316),902
2013,8,31,6,토,3호선,독립문(316),984
2013,9,1,7,일,3호선,독립문(316),773
2013,9,2,1,월,3호선,독립문(316),816
2013,9,3,2,화,3호선,독립문(316),793
2013,9,4,3,수,3호선,독립문(316),854
2013,9,5,4,목,3호선,독립문(316),845
2013,9,6,5,금,3호선,독립문(316),988
2013,9,7,6,토,3호선,독립문(316),1096
2013,9,8,7,일,3호선,독립문(316),833
2013,9,9,1,월,3호선,독립문(316),839
2013,9,10,2,화,3호선,독립문(316),838
2013,9,11,3,수,3호선,독립문(316),810
2013,9,12,4,목,3호선,독립문(316),824
2013,9,13,5,금,3호선,독립문(316),856
2013,9,14,6,토,3호선,독립문(316),1059
2013,9,15,7,일,3호선,독립문(316),763
2013,9,16,1,월,3호선,독립문(316),803
2013,9,17,2,화,3호선,독립문(316),904
2013,9,18,3,공,3호선,독립문(316),551
2013,9,19,4,공,3호선,독립문(316),527
2013,9,20,5,공,3호선,독립문(316),630
2013,9,21,6,토,3호선,독립문(316),845
2013,9,22,7,일,3호선,독립문(316),773
2013,9,23,1,월,3호선,독립문(316),834
2013,9,24,2,화,3호선,독립문(316),750
2013,9,25,3,수,3호선,독립문(316),882
2013,9,26,4,목,3호선,독립문(316),855
2013,9,27,5,금,3호선,독립문(316),1127
2013,9,28,6,토,3호선,독립문(316),1150
2013,9,29,7,일,3호선,독립문(316),694
2013,9,30,1,월,3호선,독립문(316),883
2013,10,1,2,화,3호선,독립문(316),907
2013,10,2,3,수,3호선,독립문(316),958
2013,10,3,4,공,3호선,독립문(316),977
2013,10,4,5,금,3호선,독립문(316),971
2013,10,5,6,토,3호선,독립문(316),1083
2013,10,6,7,일,3호선,독립문(316),840
2013,10,7,1,월,3호선,독립문(316),795
2013,10,8,2,화,3호선,독립문(316),873
2013,10,9,3,공,3호선,독립문(316),918
2013,10,10,4,목,3호선,독립문(316),918
2013,10,11,5,금,3호선,독립문(316),811
2013,10,12,6,토,3호선,독립문(316),1142
2013,10,13,7,일,3호선,독립문(316),949
2013,10,14,1,월,3호선,독립문(316),881
2013,10,15,2,화,3호선,독립문(316),718
2013,10,16,3,수,3호선,독립문(316),932
2013,10,17,4,목,3호선,독립문(316),914
2013,10,18,5,금,3호선,독립문(316),956
2013,10,19,6,토,3호선,독립문(316),1937
2013,10,20,7,일,3호선,독립문(316),849
2013,10,21,1,월,3호선,독립문(316),795
2013,10,22,2,화,3호선,독립문(316),839
2013,10,23,3,수,3호선,독립문(316),893
2013,10,24,4,목,3호선,독립문(316),817
2013,10,25,5,금,3호선,독립문(316),853
2013,10,26,6,토,3호선,독립문(316),1247
2013,10,27,7,일,3호선,독립문(316),908
2013,10,28,1,월,3호선,독립문(316),839
2013,10,29,2,화,3호선,독립문(316),822
2013,10,30,3,수,3호선,독립문(316),882
2013,10,31,4,목,3호선,독립문(316),803
2013,11,1,5,금,3호선,독립문(316),855
2013,11,2,6,토,3호선,독립문(316),996
2013,11,3,7,일,3호선,독립문(316),981
2013,11,4,1,월,3호선,독립문(316),819
2013,11,5,2,화,3호선,독립문(316),834
2013,11,6,3,수,3호선,독립문(316),965
2013,11,7,4,목,3호선,독립문(316),910
2013,11,8,5,금,3호선,독립문(316),948
2013,11,9,6,토,3호선,독립문(316),1178
2013,11,10,7,일,3호선,독립문(316),940
2013,11,11,1,월,3호선,독립문(316),828
2013,11,12,2,화,3호선,독립문(316),848
2013,11,13,3,수,3호선,독립문(316),882
2013,11,14,4,목,3호선,독립문(316),871
2013,11,15,5,금,3호선,독립문(316),869
2013,11,16,6,토,3호선,독립문(316),1078
2013,11,17,7,일,3호선,독립문(316),814
2013,11,18,1,월,3호선,독립문(316),814
2013,11,19,2,화,3호선,독립문(316),777
2013,11,20,3,수,3호선,독립문(316),813
2013,11,21,4,목,3호선,독립문(316),806
2013,11,22,5,금,3호선,독립문(316),894
2013,11,23,6,토,3호선,독립문(316),1069
2013,11,24,7,일,3호선,독립문(316),790
2013,11,25,1,월,3호선,독립문(316),768
2013,11,26,2,화,3호선,독립문(316),863
2013,11,27,3,수,3호선,독립문(316),818
2013,11,28,4,목,3호선,독립문(316),927
2013,11,29,5,금,3호선,독립문(316),869
2013,11,30,6,토,3호선,독립문(316),1489
2013,12,1,7,일,3호선,독립문(316),780
2013,12,2,1,월,3호선,독립문(316),869
2013,12,3,2,화,3호선,독립문(316),976
2013,12,4,3,수,3호선,독립문(316),911
2013,12,5,4,목,3호선,독립문(316),863
2013,12,6,5,금,3호선,독립문(316),888
2013,12,7,6,토,3호선,독립문(316),1373
2013,12,8,7,일,3호선,독립문(316),756
2013,12,9,1,월,3호선,독립문(316),731
2013,12,10,2,화,3호선,독립문(316),814
2013,12,11,3,수,3호선,독립문(316),798
2013,12,12,4,목,3호선,독립문(316),839
2013,12,13,5,금,3호선,독립문(316),828
2013,12,14,6,토,3호선,독립문(316),1066
2013,12,15,7,일,3호선,독립문(316),719
2013,12,16,1,월,3호선,독립문(316),869
2013,12,17,2,화,3호선,독립문(316),855
2013,12,18,3,수,3호선,독립문(316),926
2013,12,19,4,목,3호선,독립문(316),836
2013,12,20,5,금,3호선,독립문(316),954
2013,12,21,6,토,3호선,독립문(316),1062
2013,12,22,7,일,3호선,독립문(316),821
2013,12,23,1,월,3호선,독립문(316),827
2013,12,24,2,화,3호선,독립문(316),897
2013,12,25,3,공,3호선,독립문(316),837
2013,12,26,4,목,3호선,독립문(316),985
2013,12,27,5,금,3호선,독립문(316),901
2013,12,28,6,토,3호선,독립문(316),971
2013,12,29,7,일,3호선,독립문(316),813
2013,12,30,1,월,3호선,독립문(316),891
2013,12,31,2,화,3호선,독립문(316),938
2014,1,1,3,공,3호선,독립문(316),590
2014,1,2,4,목,3호선,독립문(316),838
2014,1,3,5,금,3호선,독립문(316),895
2014,1,4,6,토,3호선,독립문(316),1038
2014,1,5,7,일,3호선,독립문(316),778
2014,1,6,1,월,3호선,독립문(316),827
2014,1,7,2,화,3호선,독립문(316),950
2014,1,8,3,수,3호선,독립문(316),884
2014,1,9,4,목,3호선,독립문(316),838
2014,1,10,5,금,3호선,독립문(316),808
2014,1,11,6,토,3호선,독립문(316),1212
2014,1,12,7,일,3호선,독립문(316),856
2014,1,13,1,월,3호선,독립문(316),786
2014,1,14,2,화,3호선,독립문(316),872
2014,1,15,3,수,3호선,독립문(316),818
2014,1,16,4,목,3호선,독립문(316),902
2014,1,17,5,금,3호선,독립문(316),951
2014,1,18,6,토,3호선,독립문(316),1092
2014,1,19,7,일,3호선,독립문(316),820
2014,1,20,1,월,3호선,독립문(316),849
2014,1,21,2,화,3호선,독립문(316),789
2014,1,22,3,수,3호선,독립문(316),928
2014,1,23,4,목,3호선,독립문(316),955
2014,1,24,5,금,3호선,독립문(316),854
2014,1,25,6,토,3호선,독립문(316),870
2014,1,26,7,일,3호선,독립문(316),798
2014,1,27,1,월,3호선,독립문(316),864
2014,1,28,2,화,3호선,독립문(316),878
2014,1,29,3,수,3호선,독립문(316),902
2014,1,30,4,공,3호선,독립문(316),497
2014,1,31,5,공,3호선,독립문(316),499
2014,2,1,6,공,3호선,독립문(316),591
2014,2,2,7,일,3호선,독립문(316),652
2014,2,3,1,월,3호선,독립문(316),849
2014,2,4,2,화,3호선,독립문(316),807
2014,2,5,3,수,3호선,독립문(316),875
2014,2,6,4,목,3호선,독립문(316),868
2014,2,7,5,금,3호선,독립문(316),924
2014,2,8,6,토,3호선,독립문(316),1062
2014,2,9,7,일,3호선,독립문(316),775
2014,2,10,1,월,3호선,독립문(316),867
2014,2,11,2,화,3호선,독립문(316),915
2014,2,12,3,수,3호선,독립문(316),990
2014,2,13,4,목,3호선,독립문(316),834
2014,2,14,5,금,3호선,독립문(316),934
2014,2,15,6,토,3호선,독립문(316),960
2014,2,16,7,일,3호선,독립문(316),796
2014,2,17,1,월,3호선,독립문(316),840
2014,2,18,2,화,3호선,독립문(316),865
2014,2,19,3,수,3호선,독립문(316),933
2014,2,20,4,목,3호선,독립문(316),899
2014,2,21,5,금,3호선,독립문(316),849
2014,2,22,6,토,3호선,독립문(316),1097
2014,2,23,7,일,3호선,독립문(316),781
2014,2,24,1,월,3호선,독립문(316),893
2014,2,25,2,화,3호선,독립문(316),912
2014,2,26,3,수,3호선,독립문(316),901
2014,2,27,4,목,3호선,독립문(316),952
2014,2,28,5,금,3호선,독립문(316),1073
2014,3,1,6,토,3호선,독립문(316),2709
2014,3,2,7,공,3호선,독립문(316),960
2014,3,3,1,월,3호선,독립문(316),895
2014,3,4,2,화,3호선,독립문(316),790
2014,3,5,3,수,3호선,독립문(316),869
2014,3,6,4,목,3호선,독립문(316),813
2014,3,7,5,금,3호선,독립문(316),828
2014,3,8,6,토,3호선,독립문(316),1093
2014,3,9,7,일,3호선,독립문(316),825
2014,3,10,1,월,3호선,독립문(316),819
2014,3,11,2,화,3호선,독립문(316),850
2014,3,12,3,수,3호선,독립문(316),768
2014,3,13,4,목,3호선,독립문(316),795
2014,3,14,5,금,3호선,독립문(316),956
2014,3,15,6,토,3호선,독립문(316),1308
2014,3,16,7,일,3호선,독립문(316),897
2014,3,17,1,월,3호선,독립문(316),827
2014,3,18,2,화,3호선,독립문(316),793
2014,3,19,3,수,3호선,독립문(316),775
2014,3,20,4,목,3호선,독립문(316),871
2014,3,21,5,금,3호선,독립문(316),1000
2014,3,22,6,토,3호선,독립문(316),1289
2014,3,23,7,일,3호선,독립문(316),870
2014,3,24,1,월,3호선,독립문(316),775
2014,3,25,2,화,3호선,독립문(316),866
2014,3,26,3,수,3호선,독립문(316),909
2014,3,27,4,목,3호선,독립문(316),862
2014,3,28,5,금,3호선,독립문(316),941
2014,3,29,6,토,3호선,독립문(316),1068
2014,3,30,7,일,3호선,독립문(316),898
2014,3,31,1,월,3호선,독립문(316),853
2014,4,1,2,화,3호선,독립문(316),804
2014,4,2,3,수,3호선,독립문(316),803
2014,4,3,4,목,3호선,독립문(316),888
2014,4,4,5,금,3호선,독립문(316),874
2014,4,5,6,토,3호선,독립문(316),1282
2014,4,6,7,일,3호선,독립문(316),847
2014,4,7,1,월,3호선,독립문(316),881
2014,4,8,2,화,3호선,독립문(316),828
2014,4,9,3,수,3호선,독립문(316),879
2014,4,10,4,목,3호선,독립문(316),863
2014,4,11,5,금,3호선,독립문(316),901
2014,4,12,6,토,3호선,독립문(316),1084
2014,4,13,7,일,3호선,독립문(316),883
2014,4,14,1,월,3호선,독립문(316),894
2014,4,15,2,화,3호선,독립문(316),830
2014,4,16,3,수,3호선,독립문(316),882
2014,4,17,4,목,3호선,독립문(316),890
2014,4,18,5,금,3호선,독립문(316),910
2014,4,19,6,토,3호선,독립문(316),1016
2014,4,20,7,일,3호선,독립문(316),852
2014,4,21,1,월,3호선,독립문(316),863
2014,4,22,2,화,3호선,독립문(316),888
2014,4,23,3,수,3호선,독립문(316),854
2014,4,24,4,목,3호선,독립문(316),806
2014,4,25,5,금,3호선,독립문(316),947
2014,4,26,6,토,3호선,독립문(316),998
2014,4,27,7,일,3호선,독립문(316),638
2014,4,28,1,월,3호선,독립문(316),811
2014,4,29,2,화,3호선,독립문(316),775
2014,4,30,3,수,3호선,독립문(316),953
2014,5,1,4,목,3호선,독립문(316),998
2014,5,2,5,금,3호선,독립문(316),1078
2014,5,3,6,토,3호선,독립문(316),979
2014,5,4,7,일,3호선,독립문(316),827
2014,5,5,1,공,3호선,독립문(316),1124
2014,5,6,2,공,3호선,독립문(316),1134
2014,5,7,3,수,3호선,독립문(316),1124
2014,5,8,4,목,3호선,독립문(316),854
2014,5,9,5,금,3호선,독립문(316),941
2014,5,10,6,토,3호선,독립문(316),1303
2014,5,11,7,일,3호선,독립문(316),700
2014,5,12,1,월,3호선,독립문(316),842
2014,5,13,2,화,3호선,독립문(316),869
2014,5,14,3,수,3호선,독립문(316),989
2014,5,15,4,목,3호선,독립문(316),1110
2014,5,16,5,금,3호선,독립문(316),1149
2014,5,17,6,토,3호선,독립문(316),1853
2014,5,18,7,일,3호선,독립문(316),899
2014,5,19,1,월,3호선,독립문(316),879
2014,5,20,2,화,3호선,독립문(316),885
2014,5,21,3,수,3호선,독립문(316),877
2014,5,22,4,목,3호선,독립문(316),922
2014,5,23,5,금,3호선,독립문(316),1037
2014,5,24,6,토,3호선,독립문(316),1309
2014,5,25,7,일,3호선,독립문(316),899
2014,5,26,1,월,3호선,독립문(316),865
2014,5,27,2,화,3호선,독립문(316),874
2014,5,28,3,수,3호선,독립문(316),979
2014,5,29,4,목,3호선,독립문(316),931
2014,5,30,5,금,3호선,독립문(316),987
2014,5,31,6,토,3호선,독립문(316),1123
2014,6,1,7,일,3호선,독립문(316),804
2014,6,2,1,월,3호선,독립문(316),743
2014,6,3,2,화,3호선,독립문(316),813
2014,6,4,3,공,3호선,독립문(316),1025
2014,6,5,4,목,3호선,독립문(316),1100
2014,6,6,5,공,3호선,독립문(316),1223
2014,6,7,6,토,3호선,독립문(316),1063
2014,6,8,7,일,3호선,독립문(316),800
2014,6,9,1,월,3호선,독립문(316),911
2014,6,10,2,화,3호선,독립문(316),886
2014,6,11,3,수,3호선,독립문(316),938
2014,6,12,4,목,3호선,독립문(316),807
2014,6,13,5,금,3호선,독립문(316),1008
2014,6,14,6,토,3호선,독립문(316),1043
2014,6,15,7,일,3호선,독립문(316),927
2014,6,16,1,월,3호선,독립문(316),876
2014,6,17,2,화,3호선,독립문(316),780
2014,6,18,3,수,3호선,독립문(316),901
2014,6,19,4,목,3호선,독립문(316),923
2014,6,20,5,금,3호선,독립문(316),902
2014,6,21,6,토,3호선,독립문(316),1058
2014,6,22,7,일,3호선,독립문(316),813
2014,6,23,1,월,3호선,독립문(316),758
2014,6,24,2,화,3호선,독립문(316),879
2014,6,25,3,수,3호선,독립문(316),880
2014,6,26,4,목,3호선,독립문(316),880
2014,6,27,5,금,3호선,독립문(316),938
2014,6,28,6,토,3호선,독립문(316),1043
2014,6,29,7,일,3호선,독립문(316),719
2014,6,30,1,월,3호선,독립문(316),853
2014,7,1,2,화,3호선,독립문(316),820
2014,7,2,3,수,3호선,독립문(316),801
2014,7,3,4,목,3호선,독립문(316),831
2014,7,4,5,금,3호선,독립문(316),851
2014,7,5,6,토,3호선,독립문(316),1033
2014,7,6,7,일,3호선,독립문(316),781
2014,7,7,1,월,3호선,독립문(316),767
2014,7,8,2,화,3호선,독립문(316),868
2014,7,9,3,수,3호선,독립문(316),930
2014,7,10,4,목,3호선,독립문(316),750
2014,7,11,5,금,3호선,독립문(316),882
2014,7,12,6,토,3호선,독립문(316),1129
2014,7,13,7,일,3호선,독립문(316),748
2014,7,14,1,월,3호선,독립문(316),786
2014,7,15,2,화,3호선,독립문(316),847
2014,7,16,3,수,3호선,독립문(316),1022
2014,7,17,4,목,3호선,독립문(316),796
2014,7,18,5,금,3호선,독립문(316),773
2014,7,19,6,토,3호선,독립문(316),1033
2014,7,20,7,일,3호선,독립문(316),736
2014,7,21,1,월,3호선,독립문(316),769
2014,7,22,2,화,3호선,독립문(316),746
2014,7,23,3,수,3호선,독립문(316),826
2014,7,24,4,목,3호선,독립문(316),842
2014,7,25,5,금,3호선,독립문(316),848
2014,7,26,6,토,3호선,독립문(316),985
2014,7,27,7,일,3호선,독립문(316),836
2014,7,28,1,월,3호선,독립문(316),845
2014,7,29,2,화,3호선,독립문(316),912
2014,7,30,3,수,3호선,독립문(316),996
2014,7,31,4,목,3호선,독립문(316),981
2014,8,1,5,금,3호선,독립문(316),934
2014,8,2,6,토,3호선,독립문(316),925
2014,8,3,7,일,3호선,독립문(316),727
2014,8,4,1,월,3호선,독립문(316),774
2014,8,5,2,화,3호선,독립문(316),974
2014,8,6,3,수,3호선,독립문(316),1004
2014,8,7,4,목,3호선,독립문(316),959
2014,8,8,5,금,3호선,독립문(316),1017
2014,8,9,6,토,3호선,독립문(316),1028
2014,8,10,7,일,3호선,독립문(316),1182
2014,8,11,1,월,3호선,독립문(316),929
2014,8,12,2,화,3호선,독립문(316),1029
2014,8,13,3,수,3호선,독립문(316),1197
2014,8,14,4,목,3호선,독립문(316),1091
2014,8,15,5,공,3호선,독립문(316),2384
2014,8,16,6,토,3호선,독립문(316),1674
2014,8,17,7,일,3호선,독립문(316),905
2014,8,18,1,월,3호선,독립문(316),803
2014,8,19,2,화,3호선,독립문(316),899
2014,8,20,3,수,3호선,독립문(316),968
2014,8,21,4,목,3호선,독립문(316),753
2014,8,22,5,금,3호선,독립문(316),951
2014,8,23,6,토,3호선,독립문(316),1424
2014,8,24,7,일,3호선,독립문(316),995
2014,8,25,1,월,3호선,독립문(316),886
2014,8,26,2,화,3호선,독립문(316),863
2014,8,27,3,수,3호선,독립문(316),847
2014,8,28,4,목,3호선,독립문(316),826
2014,8,29,5,금,3호선,독립문(316),942
2014,8,30,6,토,3호선,독립문(316),1218
2014,8,31,7,일,3호선,독립문(316),1046
2014,9,1,1,월,3호선,독립문(316),853
2014,9,2,2,화,3호선,독립문(316),835
2014,9,3,3,수,3호선,독립문(316),938
2014,9,4,4,목,3호선,독립문(316),868
2014,9,5,5,금,3호선,독립문(316),1037
2014,9,6,6,토,3호선,독립문(316),953
2014,9,7,7,일,3호선,독립문(316),709
2014,9,8,1,공,3호선,독립문(316),548
2014,9,9,2,공,3호선,독립문(316),957
2014,9,10,3,공,3호선,독립문(316),1115
2014,9,11,4,목,3호선,독립문(316),900
2014,9,12,5,금,3호선,독립문(316),955
2014,9,13,6,토,3호선,독립문(316),1251
2014,9,14,7,일,3호선,독립문(316),933
2014,9,15,1,월,3호선,독립문(316),831
2014,9,16,2,화,3호선,독립문(316),879
2014,9,17,3,수,3호선,독립문(316),916
2014,9,18,4,목,3호선,독립문(316),1346
2014,9,19,5,금,3호선,독립문(316),969
2014,9,20,6,토,3호선,독립문(316),1329
2014,9,21,7,일,3호선,독립문(316),986
2014,9,22,1,월,3호선,독립문(316),875
2014,9,23,2,화,3호선,독립문(316),871
2014,9,24,3,수,3호선,독립문(316),814
2014,9,25,4,목,3호선,독립문(316),868
2014,9,26,5,금,3호선,독립문(316),945
2014,9,27,6,토,3호선,독립문(316),1337
2014,9,28,7,일,3호선,독립문(316),916
2014,9,29,1,월,3호선,독립문(316),799
2014,9,30,2,화,3호선,독립문(316),934
2014,10,1,3,수,3호선,독립문(316),956
2014,10,2,4,목,3호선,독립문(316),1019
2014,10,3,5,공,3호선,독립문(316),1250
2014,10,4,6,토,3호선,독립문(316),1326
2014,10,5,7,일,3호선,독립문(316),944
2014,10,6,1,월,3호선,독립문(316),951
2014,10,7,2,화,3호선,독립문(316),993
2014,10,8,3,수,3호선,독립문(316),925
2014,10,9,4,공,3호선,독립문(316),1240
2014,10,10,5,금,3호선,독립문(316),1289
2014,10,11,6,토,3호선,독립문(316),1528
2014,10,12,7,일,3호선,독립문(316),1029
2014,10,13,1,월,3호선,독립문(316),880
2014,10,14,2,화,3호선,독립문(316),1030
2014,10,15,3,수,3호선,독립문(316),1079
2014,10,16,4,목,3호선,독립문(316),939
2014,10,17,5,금,3호선,독립문(316),1070
2014,10,18,6,토,3호선,독립문(316),1441
2014,10,19,7,일,3호선,독립문(316),999
2014,10,20,1,월,3호선,독립문(316),825
2014,10,21,2,화,3호선,독립문(316),757
2014,10,22,3,수,3호선,독립문(316),963
2014,10,23,4,목,3호선,독립문(316),950
2014,10,24,5,금,3호선,독립문(316),1122
2014,10,25,6,토,3호선,독립문(316),1426
2014,10,26,7,일,3호선,독립문(316),950
2014,10,27,1,월,3호선,독립문(316),934
2014,10,28,2,화,3호선,독립문(316),950
2014,10,29,3,수,3호선,독립문(316),1028
2014,10,30,4,목,3호선,독립문(316),1000
2014,10,31,5,금,3호선,독립문(316),975
2014,11,1,6,토,3호선,독립문(316),1405
2014,11,2,7,일,3호선,독립문(316),921
2014,11,3,1,월,3호선,독립문(316),928
2014,11,4,2,화,3호선,독립문(316),997
2014,11,5,3,수,3호선,독립문(316),1050
2014,11,6,4,목,3호선,독립문(316),903
2014,11,7,5,금,3호선,독립문(316),967
2014,11,8,6,토,3호선,독립문(316),1304
2014,11,9,7,일,3호선,독립문(316),1049
2014,11,10,1,월,3호선,독립문(316),925
2014,11,11,2,화,3호선,독립문(316),904
2014,11,12,3,수,3호선,독립문(316),1068
2014,11,13,4,목,3호선,독립문(316),1016
2014,11,14,5,금,3호선,독립문(316),954
2014,11,15,6,토,3호선,독립문(316),1204
2014,11,16,7,일,3호선,독립문(316),1029
2014,11,17,1,월,3호선,독립문(316),946
2014,11,18,2,화,3호선,독립문(316),922
2014,11,19,3,수,3호선,독립문(316),998
2014,11,20,4,목,3호선,독립문(316),955
2014,11,21,5,금,3호선,독립문(316),996
2014,11,22,6,토,3호선,독립문(316),1297
2014,11,23,7,일,3호선,독립문(316),911
2014,11,24,1,월,3호선,독립문(316),865
2014,11,25,2,화,3호선,독립문(316),949
2014,11,26,3,수,3호선,독립문(316),1002
2014,11,27,4,목,3호선,독립문(316),962
2014,11,28,5,금,3호선,독립문(316),939
2014,11,29,6,토,3호선,독립문(316),1261
2014,11,30,7,일,3호선,독립문(316),819
2014,12,1,1,월,3호선,독립문(316),854
2014,12,2,2,화,3호선,독립문(316),761
2014,12,3,3,수,3호선,독립문(316),846
2014,12,4,4,목,3호선,독립문(316),863
2014,12,5,5,금,3호선,독립문(316),846
2014,12,6,6,토,3호선,독립문(316),1084
2014,12,7,7,일,3호선,독립문(316),762
2014,12,8,1,월,3호선,독립문(316),886
2014,12,9,2,화,3호선,독립문(316),888
2014,12,10,3,수,3호선,독립문(316),920
2014,12,11,4,목,3호선,독립문(316),898
2014,12,12,5,금,3호선,독립문(316),1005
2014,12,13,6,토,3호선,독립문(316),1150
2014,12,14,7,일,3호선,독립문(316),723
2014,12,15,1,월,3호선,독립문(316),970
2014,12,16,2,화,3호선,독립문(316),907
2014,12,17,3,수,3호선,독립문(316),800
2014,12,18,4,목,3호선,독립문(316),880
2014,12,19,5,금,3호선,독립문(316),904
2014,12,20,6,토,3호선,독립문(316),1158
2014,12,21,7,일,3호선,독립문(316),809
2014,12,22,1,월,3호선,독립문(316),947
2014,12,23,2,화,3호선,독립문(316),1064
2014,12,24,3,수,3호선,독립문(316),967
2014,12,25,4,공,3호선,독립문(316),791
2014,12,26,5,금,3호선,독립문(316),1051
2014,12,27,6,토,3호선,독립문(316),1048
2014,12,28,7,일,3호선,독립문(316),815
2014,12,29,1,월,3호선,독립문(316),847
2014,12,30,2,화,3호선,독립문(316),1054
2014,12,31,3,수,3호선,독립문(316),982
